[[[-0.49630156 -0.04999338 -0.86670953]
  [-0.15936439 -0.9761295   0.14756133]
  [-0.8533977   0.21135758  0.47648743]]]
[[[ 9.74381685e-01 -2.03091398e-01 -9.66137871e-02]
  [ 1.79233849e-01  4.41737264e-01  8.79058301e-01]
  [-1.35851264e-01 -8.73854756e-01  4.66821551e-01]]

 [[ 9.93291140e-01 -1.10504366e-01  3.40808220e-02]
  [ 3.19279730e-02  5.45322239e-01  8.37618232e-01]
  [-1.11145504e-01 -8.30910623e-01  5.45191944e-01]]

 [[ 9.88867104e-01  7.77971894e-02 -1.26844481e-01]
  [-1.48767740e-01  5.35078943e-01 -8.31600070e-01]
  [ 3.17565678e-03  8.41212273e-01  5.40695667e-01]]

 [[ 9.74059284e-01  2.20451787e-01 -5.10838330e-02]
  [-1.43956482e-01  4.29479033e-01 -8.91529262e-01]
  [-1.74599782e-01  8.75756145e-01  4.50073510e-01]]

 [[ 9.41801369e-01 -2.35686347e-01  2.39712611e-01]
  [ 1.35336936e-01 -3.86908829e-01 -9.12132382e-01]
  [ 3.07724088e-01  8.91489446e-01 -3.32494199e-01]]

 [[ 9.95877504e-01  2.30000298e-02 -8.77434090e-02]
  [-1.58459451e-02  9.96557474e-01  8.13761503e-02]
  [ 8.93130079e-02 -7.96503052e-02  9.92813647e-01]]

 [[ 9.67584491e-01  1.17090069e-01  2.23764017e-01]
  [-1.13741405e-01  9.93120193e-01 -2.78425161e-02]
  [-2.25484639e-01  1.48876244e-03  9.74245667e-01]]

 [[ 9.79730368e-01  1.06817372e-02 -2.00035751e-01]
  [ 3.95179279e-02  9.68647778e-01  2.45274812e-01]
  [ 1.96384162e-01 -2.48208180e-01  9.48591530e-01]]

 [[ 9.92666423e-01  3.34307807e-03 -1.20839030e-01]
  [-8.13286006e-03  9.99199688e-01 -3.91663723e-02]
  [ 1.20611370e-01  3.98619175e-02  9.91899192e-01]]

 [[ 9.67133939e-01 -2.54267097e-01 -4.28873231e-04]
  [ 2.50238627e-01  9.51509416e-01  1.78914890e-01]
  [-4.50840928e-02 -1.73141986e-01  9.83864486e-01]]

 [[ 9.95142817e-01  2.43059248e-02  9.53930244e-02]
  [-4.68086675e-02  9.69313502e-01  2.41330534e-01]
  [-8.65999684e-02 -2.44623616e-01  9.65743124e-01]]

 [[ 9.94888306e-01  1.48800230e-02  9.98790264e-02]
  [-1.38632525e-02  9.99844849e-01 -1.08664297e-02]
  [-1.00025222e-01  9.42623615e-03  9.94940221e-01]]

 [[ 8.13268840e-01 -1.72737595e-02 -5.81631780e-01]
  [ 7.33955801e-02  9.94621277e-01  7.30865896e-02]
  [ 5.77240825e-01 -1.02128230e-01  8.10162306e-01]]

 [[ 8.43748212e-01  1.31781042e-01  5.20310223e-01]
  [-2.38123611e-01  9.60674584e-01  1.42833352e-01]
  [-4.81026143e-01 -2.44413525e-01  8.41947615e-01]]

 [[ 9.96530175e-01  6.53489381e-02  5.15472889e-02]
  [-8.00453573e-02  9.22191501e-01  3.78358990e-01]
  [-2.28111167e-02 -3.81172270e-01  9.24222529e-01]]

 [[ 8.62874746e-01  3.50988209e-01 -3.63667995e-01]
  [-1.81016624e-01  8.86421263e-01  4.26016867e-01]
  [ 4.71889883e-01 -3.01769286e-01  8.28405201e-01]]

 [[ 7.74598658e-01 -5.12933075e-01  3.69995326e-01]
  [ 4.15674597e-01  8.53804886e-01  3.13419580e-01]
  [-4.76667106e-01 -8.89767408e-02  8.74569356e-01]]

 [[ 8.47567379e-01 -1.92419440e-01 -4.94574904e-01]
  [ 3.08653206e-01  9.36849594e-01  1.64457023e-01]
  [ 4.31697547e-01 -2.92040527e-01  8.53434026e-01]]

 [[ 5.43027997e-01  3.06335658e-01  7.81843424e-01]
  [-3.57485950e-01  9.26829517e-01 -1.14851698e-01]
  [-7.59818673e-01 -2.17130333e-01  6.12805068e-01]]

 [[ 9.67868447e-01 -2.50922590e-01  1.63880754e-02]
  [ 2.44660318e-01  9.24654484e-01 -2.91813821e-01]
  [ 5.80693744e-02  2.86446869e-01  9.56334710e-01]]

 [[ 9.80817437e-01  1.86159402e-01  5.78077249e-02]
  [-1.75784945e-01  9.72868204e-01 -1.50422752e-01]
  [-8.42419118e-02  1.37375534e-01  9.86930132e-01]]

 [[ 9.90447700e-01  1.17811054e-01 -7.16506243e-02]
  [-1.02620050e-01  9.76860762e-01  1.87649086e-01]
  [ 9.20998156e-02 -1.78503841e-01  9.79619265e-01]]

 [[ 9.85980213e-01 -1.23185493e-01  1.12553850e-01]
  [ 1.13498077e-01  9.89563346e-01  8.87840614e-02]
  [-1.22316062e-01 -7.47646838e-02  9.89671171e-01]]]
[ 0.41978222  0.59373635 -0.3964295  -0.503425   -0.22350669 -0.07049381
  0.11579019  0.03102881 -0.0910269   0.12345442]