[[[ 0.5766413   0.2121436  -0.788974  ]
  [ 0.13191928 -0.9772044  -0.16633955]
  [-0.80627674 -0.00816262 -0.5914823 ]]]
[[[ 9.68490899e-01 -1.07517980e-01 -2.24644884e-01]
  [ 2.46023744e-01  5.53199589e-01  7.95891047e-01]
  [ 3.87008749e-02 -8.26081157e-01  5.62220752e-01]]

 [[ 9.72817361e-01  1.60800785e-01  1.66641787e-01]
  [-2.30932817e-01  6.20137751e-01  7.49732673e-01]
  [ 1.72167327e-02 -7.67836034e-01  6.40414953e-01]]

 [[ 9.98307049e-01  4.96245399e-02 -3.03411447e-02]
  [-5.44205010e-02  6.12747729e-01 -7.88402557e-01]
  [-2.05326453e-02  7.88718879e-01  6.14410996e-01]]

 [[ 9.93546247e-01 -4.27272916e-02 -1.05072103e-01]
  [-7.65142664e-02  4.31371689e-01 -8.98923814e-01]
  [ 8.37337151e-02  9.01161969e-01  4.25318480e-01]]

 [[ 9.90536690e-01 -9.60326195e-02  9.80551988e-02]
  [ 1.29989699e-01  4.27162379e-01 -8.94782066e-01]
  [ 4.40427735e-02  8.99060607e-01  4.35603261e-01]]

 [[ 9.93715823e-01 -1.10284209e-01 -1.91346034e-02]
  [ 1.08447894e-01  9.90932465e-01 -7.93221891e-02]
  [ 2.77090818e-02  7.67486170e-02  9.96665359e-01]]

 [[ 9.92406130e-01  1.18008479e-01  3.47011015e-02]
  [-1.17128663e-01  9.92766082e-01 -2.63869110e-02]
  [-3.75639610e-02  2.21220367e-02  9.99049306e-01]]

 [[ 9.90210950e-01 -1.24607116e-01 -6.28907531e-02]
  [ 1.21237405e-01  9.91107881e-01 -5.48334457e-02]
  [ 6.91641569e-02  4.66719717e-02  9.96512949e-01]]

 [[ 9.95923281e-01 -8.66212696e-02 -2.51708850e-02]
  [ 8.52450356e-02  9.95033741e-01 -5.13914414e-02]
  [ 2.94974726e-02  4.90362383e-02  9.98361290e-01]]

 [[ 9.53047097e-01 -2.43307948e-01  1.80284634e-01]
  [ 1.98538125e-01  9.51579690e-01  2.34688476e-01]
  [-2.28656769e-01 -1.87875777e-01  9.55206156e-01]]

 [[ 9.73962665e-01  2.13424861e-01 -7.64622986e-02]
  [-1.93616390e-01  9.58514273e-01  2.09196314e-01]
  [ 1.17937893e-01 -1.88945055e-01  9.74879682e-01]]

 [[ 9.95640635e-01  1.17352558e-03 -9.32646394e-02]
  [-1.36726797e-02  9.90955412e-01 -1.33492857e-01]
  [ 9.22644511e-02  1.34186089e-01  9.86651540e-01]]

 [[ 9.30601537e-01  1.71685174e-01 -3.23272169e-01]
  [-1.63614720e-01  9.85142410e-01  5.21982312e-02]
  [ 3.27430785e-01  4.31632763e-03  9.44865286e-01]]

 [[ 8.82771969e-01 -3.74144733e-01  2.84129053e-01]
  [ 3.67615223e-01  9.26691115e-01  7.81199634e-02]
  [-2.92528003e-01  3.54880393e-02  9.55598235e-01]]

 [[ 9.76946414e-01 -7.82795772e-02 -1.98615104e-01]
  [ 7.66646415e-02  9.96931434e-01 -1.58200543e-02]
  [ 1.99244022e-01  2.28587058e-04  9.79949892e-01]]

 [[ 5.19596457e-01  7.53756523e-01 -4.02331442e-01]
  [-7.22330868e-01  6.39031291e-01  2.64342755e-01]
  [ 4.56352443e-01  1.53264850e-01  8.76500010e-01]]

 [[ 5.40520668e-01 -7.46861637e-01  3.87343556e-01]
  [ 7.81986296e-01  6.15828514e-01  9.61907580e-02]
  [-3.10378373e-01  2.50904262e-01  9.16903615e-01]]

 [[-2.55226940e-01 -3.97361130e-01 -8.81455123e-01]
  [ 3.50226909e-01  8.11745107e-01 -4.67344522e-01]
  [ 9.01221514e-01 -4.27988261e-01 -6.80126548e-02]]

 [[-3.96805912e-01  4.80595171e-01  7.82031536e-01]
  [-2.99682796e-01  7.37459242e-01 -6.05263650e-01]
  [-8.67603183e-01 -4.74533588e-01 -1.48602083e-01]]

 [[ 9.26202178e-01 -3.76411766e-01 -2.15337910e-02]
  [ 3.76892626e-01  9.25886214e-01  2.62049325e-02]
  [ 1.00739934e-02 -3.23869921e-02  9.99424636e-01]]

 [[ 9.13306653e-01  4.02816653e-01  6.00810535e-02]
  [-4.02799666e-01  9.15196836e-01 -1.29306260e-02]
  [-6.01946600e-02 -1.23910028e-02  9.98109758e-01]]

 [[ 9.62689221e-01  2.52129793e-01 -9.82852876e-02]
  [-2.35317364e-01  9.59314466e-01  1.56017691e-01]
  [ 1.33623198e-01 -1.27068326e-01  9.82852221e-01]]

 [[ 9.61196184e-01 -2.63147861e-01  8.27952623e-02]
  [ 2.47187540e-01  9.54814732e-01  1.65006399e-01]
  [-1.22475222e-01 -1.38137564e-01  9.82811153e-01]]]
[ 0.42871827  0.58947366 -0.2217982  -0.5346316  -0.17203438 -0.07206853
 -0.00469509  0.11966674  0.00783788 -0.01618743]