[[[-0.5685423  -0.06746634 -0.8198829 ]
  [-0.22151808 -0.94726473  0.23155855]
  [-0.7922685   0.3132697   0.52361506]]]
[[[ 0.9698677  -0.22764786 -0.08679327]
  [ 0.16828224  0.36834863  0.9143305 ]
  [-0.1761752  -0.9013854   0.39555854]]

 [[ 0.9988505  -0.03727587 -0.03013375]
  [ 0.04731144  0.6658313   0.74460065]
  [-0.00769165 -0.74517053  0.6668295 ]]

 [[ 0.98685956  0.13430607 -0.08983347]
  [-0.15205349  0.5838364  -0.7975053 ]
  [-0.05466176  0.8006853   0.5965862 ]]

 [[ 0.9615062   0.27471322 -0.0061969 ]
  [-0.13118929  0.43911806 -0.8887995 ]
  [-0.24144377  0.85539925  0.45825416]]

 [[ 0.9387264  -0.25964284  0.22666785]
  [ 0.14577584 -0.296835   -0.9437364 ]
  [ 0.31231734  0.91895294 -0.2407972 ]]

 [[ 0.99684906  0.04992698 -0.06163773]
  [-0.04638373  0.9972596   0.05763622]
  [ 0.06434641 -0.05459562  0.99643314]]

 [[ 0.9648745   0.15244661  0.21395615]
  [-0.14255254  0.987904   -0.06102794]
  [-0.22067165  0.02838431  0.97493505]]

 [[ 0.9789335  -0.00317984 -0.20415452]
  [ 0.04899324  0.9743252   0.21974984]
  [ 0.19821414 -0.22512268  0.95395535]]

 [[ 0.9965803   0.02372956 -0.07914991]
  [-0.02922583  0.997187   -0.0690218 ]
  [ 0.0772894   0.07109898  0.9944705 ]]

 [[ 0.9538941  -0.2990526  -0.02556542]
  [ 0.29875588  0.9378533   0.17656748]
  [-0.02882634 -0.1760645   0.9839564 ]]

 [[ 0.9972471   0.06275572  0.03949695]
  [-0.07029948  0.96959287  0.23440936]
  [-0.02358543 -0.23654065  0.97133535]]

 [[ 0.9997754   0.01972629  0.00774171]
  [-0.01935689  0.9987906  -0.04519502]
  [-0.00862387  0.04503502  0.99894816]]

 [[ 0.82873267 -0.03109752 -0.5587801 ]
  [ 0.10020096  0.99056596  0.09348158]
  [ 0.55060154 -0.13346152  0.8240304 ]]

 [[ 0.8246067   0.17104389  0.53922886]
  [-0.28191334  0.9506514   0.1295637 ]
  [-0.49045762 -0.2588549   0.8321331 ]]

 [[ 0.9985494   0.05377949 -0.00261335]
  [-0.05069104  0.9553499   0.29109588]
  [ 0.01815165 -0.29054117  0.95669025]]

 [[ 0.8396305   0.3513539  -0.4142114 ]
  [-0.16826345  0.89333886  0.4166931 ]
  [ 0.5164379  -0.2801716   0.80919456]]

 [[ 0.8181079  -0.37681353  0.4344088 ]
  [ 0.24707086  0.9124506   0.3261746 ]
  [-0.5192836  -0.15951625  0.8395827 ]]

 [[ 0.6332799  -0.22976735 -0.7390288 ]
  [ 0.44018194  0.8923496   0.09976009]
  [ 0.6365504  -0.38848317  0.66624653]]

 [[ 0.44735983  0.2683679   0.85314006]
  [-0.36273053  0.92638254 -0.10120291]
  [-0.8174936  -0.26418582  0.51177156]]

 [[ 0.9561429  -0.29252648 -0.01480127]
  [ 0.28083158  0.92992973 -0.23741147]
  [ 0.08321328  0.2228426   0.97129637]]

 [[ 0.9724808   0.21083444  0.09914607]
  [-0.1936536   0.96807516 -0.15915059]
  [-0.12953526  0.1355709   0.9822633 ]]

 [[ 0.98702055  0.13562687 -0.0859984 ]
  [-0.12031364  0.9791944   0.16341037]
  [ 0.10637199 -0.15094261  0.98280275]]

 [[ 0.9878431  -0.11598837  0.10350222]
  [ 0.10692837  0.99025935  0.089178  ]
  [-0.11283766 -0.07702655  0.9906233 ]]]
[ 0.41792923  0.80513716 -0.3581017  -0.50215256 -0.24781466 -0.17864734
  0.1483366   0.13737619 -0.12312993  0.18928832]