[[[-0.24227284  0.01556215 -0.97008336]
  [ 0.07301933 -0.9967431  -0.03422599]
  [-0.9674565  -0.07912686  0.24034745]]]
[[[ 0.97707576 -0.19849026 -0.07697143]
  [ 0.18413635  0.6064704   0.77349037]
  [-0.10684942 -0.7699319   0.6291168 ]]

 [[ 0.9746573  -0.09361801  0.20317174]
  [-0.16469656  0.31432545  0.93491954]
  [-0.15138735 -0.9446879   0.29094103]]

 [[ 0.9931045  -0.0374467  -0.11109132]
  [-0.07853377  0.49105632 -0.86758065]
  [ 0.08704012  0.8703226   0.4847294 ]]

 [[ 0.9911152   0.0851753  -0.1021558 ]
  [-0.12927411  0.4362217  -0.8905048 ]
  [-0.03128644  0.895799    0.4433569 ]]

 [[ 0.9673926  -0.16037236  0.19604133]
  [ 0.15803933 -0.2226472  -0.9620041 ]
  [ 0.19792692  0.96161795 -0.19004212]]

 [[ 0.9933887  -0.08917632 -0.07229473]
  [ 0.09416663  0.99317384  0.06883601]
  [ 0.06566269 -0.07518867  0.99500513]]

 [[ 0.9706099   0.10084799  0.21850847]
  [-0.10629697  0.99424547  0.01329584]
  [-0.21591021 -0.03613187  0.9757443 ]]

 [[ 0.9871741  -0.05737292 -0.14898194]
  [ 0.07681052  0.98877186  0.12818061]
  [ 0.13995506 -0.13797995  0.9804968 ]]

 [[ 0.9895604  -0.06317285 -0.12953527]
  [ 0.06013891  0.99781924 -0.02720489]
  [ 0.13097139  0.01913077  0.9912016 ]]

 [[ 0.9708016  -0.23792456  0.03059717]
  [ 0.22944956  0.958199    0.17090197]
  [-0.06997996 -0.1588914   0.9848128 ]]

 [[ 0.99339664  0.09369604  0.06621305]
  [-0.10622673  0.9691827   0.2222627 ]
  [-0.04334741 -0.2278286   0.9727359 ]]

 [[ 0.97340375  0.01339203  0.22870465]
  [-0.02427958  0.99869835  0.04485805]
  [-0.22780618 -0.04921784  0.9724619 ]]

 [[ 0.7903619   0.02326314 -0.6121985 ]
  [ 0.01134719  0.9985515   0.05259377]
  [ 0.61253524 -0.04851484  0.78895307]]

 [[ 0.8027856  -0.05170593  0.5940217 ]
  [-0.02075493  0.9932062   0.11450158]
  [-0.59590644 -0.10424912  0.79625845]]

 [[ 0.9887409   0.11756458  0.09257392]
  [-0.13951603  0.9479359   0.2862739 ]
  [-0.05409848 -0.29596627  0.95366514]]

 [[ 0.8749468   0.387318   -0.29060787]
  [-0.24831595  0.87413126  0.4174132 ]
  [ 0.41570106 -0.29305178  0.8609956 ]]

 [[ 0.6455257  -0.6213693   0.44406852]
  [ 0.56154877  0.78024447  0.27546614]
  [-0.5176482   0.07154565  0.852597  ]]

 [[ 0.9598384  -0.11675925 -0.2551029 ]
  [ 0.17932177  0.95462203  0.23778234]
  [ 0.21576358 -0.27397814  0.93722034]]

 [[ 0.599836    0.24880864  0.7604545 ]
  [-0.27589107  0.9564512  -0.0953166 ]
  [-0.7510532  -0.15262827  0.64235795]]

 [[ 0.98153025 -0.19055006  0.01700168]
  [ 0.18856646  0.948652   -0.25397223]
  [ 0.03226575  0.25248736  0.967062  ]]

 [[ 0.98959196  0.14308678  0.01529229]
  [-0.14164874  0.987314   -0.07174094]
  [-0.02536347  0.06882813  0.99730605]]

 [[ 0.9863578   0.14440699 -0.07902502]
  [-0.12486906  0.9691624   0.21244256]
  [ 0.10726628 -0.19967659  0.97397286]]

 [[ 0.9814439  -0.14692663  0.12320875]
  [ 0.13075115  0.98279417  0.13045932]
  [-0.14025682 -0.11192883  0.98376817]]]
[ 0.6291481   0.7277546  -0.7211633  -0.72679377 -0.26842272  0.02150771
  0.07271799  0.05247246  0.01454069  0.03486198]