[[[-0.8438072  -0.06762435 -0.5323686 ]
  [-0.14207011 -0.928484    0.34312302]
  [-0.51749927  0.36516333  0.77385414]]]
[[[ 8.08355451e-01 -5.42394280e-01 -2.28844881e-01]
  [ 3.69346797e-01  1.64568603e-01  9.14603829e-01]
  [-4.58415210e-01 -8.23848009e-01  3.33361506e-01]]

 [[ 7.41256535e-01  6.55628741e-01 -1.43839017e-01]
  [-5.86468279e-01  7.36848354e-01  3.36317390e-01]
  [ 3.26486915e-01 -1.64940447e-01  9.30699110e-01]]

 [[ 9.95752692e-01 -2.62323860e-02  8.82521272e-02]
  [ 7.83851817e-02  7.44354010e-01 -6.63168788e-01]
  [-4.82943095e-02  6.67269766e-01  7.43248761e-01]]

 [[ 9.44727421e-01  3.19511592e-01  7.35013485e-02]
  [-8.83576497e-02  4.64016408e-01 -8.81408870e-01]
  [-3.15726221e-01  8.26196730e-01  4.66600329e-01]]

 [[ 9.35056627e-01  1.04317725e-01  3.38802248e-01]
  [ 4.88559268e-02  9.08681571e-01 -4.14621413e-01]
  [-3.51115733e-01  4.04246986e-01  8.44572186e-01]]

 [[ 9.93259668e-01  1.15823351e-01 -4.48998855e-03]
  [-1.15900323e-01  9.91918445e-01 -5.16222343e-02]
  [-1.52535806e-03  5.17946742e-02  9.98656571e-01]]

 [[ 9.37220752e-01  3.31553876e-01  1.08116619e-01]
  [-3.33525181e-01  9.42741156e-01  1.59993448e-04]
  [-1.01872943e-01 -3.62095721e-02  9.94138122e-01]]

 [[ 9.58025336e-01 -2.21655607e-01 -1.81814134e-01]
  [ 2.47700334e-01  9.59286332e-01  1.35699004e-01]
  [ 1.44333392e-01 -1.75038487e-01  9.73924756e-01]]

 [[ 9.90297794e-01  1.25114992e-01  6.04683831e-02]
  [-1.24923654e-01  9.92142022e-01 -6.94903918e-03]
  [-6.08626530e-02 -6.72314316e-04  9.98145878e-01]]

 [[ 8.68502855e-01 -4.80652601e-01  1.21144183e-01]
  [ 4.58873630e-01  8.72047424e-01  1.70200795e-01]
  [-1.87450930e-01 -9.22299996e-02  9.77934480e-01]]

 [[ 9.29230869e-01  3.34125429e-01 -1.57766342e-01]
  [-3.01123291e-01  9.32222247e-01  2.00715080e-01]
  [ 2.14137286e-01 -1.39003530e-01  9.66862619e-01]]

 [[ 9.96768355e-01  3.41792442e-02 -7.26947635e-02]
  [-3.83003391e-02  9.97691810e-01 -5.60733229e-02]
  [ 7.06104189e-02  5.86763546e-02  9.95776713e-01]]

 [[ 9.40979719e-01  3.23446870e-01 -9.96953547e-02]
  [-3.16585571e-01  9.45289850e-01  7.87441954e-02]
  [ 1.19710572e-01 -4.25345860e-02  9.91897166e-01]]

 [[ 9.43228960e-01  9.52898338e-02  3.18180770e-01]
  [-1.22880124e-01  9.90106225e-01  6.77509382e-02]
  [-3.08576763e-01 -1.03002742e-01  9.45606112e-01]]

 [[ 9.80921924e-01  1.01226367e-01  1.65968060e-01]
  [-1.02060199e-01  9.94771957e-01 -3.51924845e-03]
  [-1.65456623e-01 -1.34866238e-02  9.86124814e-01]]

 [[ 6.98534191e-01  6.86385691e-01 -2.02298433e-01]
  [-6.48997605e-01  7.26778865e-01  2.24932581e-01]
  [ 3.01416695e-01 -2.58319080e-02  9.53142583e-01]]

 [[ 7.76491940e-01 -2.97289103e-01  5.55589437e-01]
  [ 8.54096860e-02  9.23228323e-01  3.74639571e-01]
  [-6.24312043e-01 -2.43451864e-01  7.42270708e-01]]

 [[ 2.48268664e-01 -3.67375612e-01 -8.96324694e-01]
  [ 5.81676602e-01  7.96442866e-01 -1.65321335e-01]
  [ 7.74606347e-01 -4.80326980e-01  4.11425591e-01]]

 [[ 5.20599961e-01  1.75840601e-01  8.35497320e-01]
  [-4.58775640e-01  8.82901788e-01  1.00046538e-01]
  [-7.20069826e-01 -4.35390055e-01  5.40310025e-01]]

 [[ 9.87051964e-01 -1.59712419e-01 -1.48434201e-02]
  [ 1.60360903e-01  9.84634161e-01  6.91367537e-02]
  [ 3.57333967e-03 -7.06218779e-02  9.97496724e-01]]

 [[ 9.72584426e-01  2.32417226e-01  7.86142051e-03]
  [-2.30881438e-01  9.69096124e-01 -8.68710428e-02]
  [-2.78087966e-02  8.26743618e-02  9.96188641e-01]]

 [[ 9.78950262e-01  1.83297619e-01 -8.97684321e-02]
  [-1.70458466e-01  9.76165771e-01  1.34328872e-01]
  [ 1.12251036e-01 -1.16199493e-01  9.86862361e-01]]

 [[ 9.86444950e-01 -1.55451491e-01  5.25461659e-02]
  [ 1.43791497e-01  9.73170340e-01  1.79620489e-01]
  [-7.90586397e-02 -1.69630051e-01  9.82331574e-01]]]
[ 0.49931556  0.94279075 -0.22174622 -1.054803   -0.21719682 -0.26849604
  0.18756351  0.21548785 -0.14549872  0.036726  ]