[[[ 0.35488966  0.2223483  -0.9080829 ]
  [ 0.05985404 -0.974718   -0.21527256]
  [-0.9329903   0.02204558 -0.35922578]]]
[[[ 0.9463093  -0.31134376 -0.08697   ]
  [ 0.28517994  0.67735964  0.678127  ]
  [-0.15222064 -0.66651994  0.72978073]]

 [[ 0.9737209   0.12125757  0.19278017]
  [-0.21773922  0.7438011   0.6319411 ]
  [-0.06676245 -0.65731     0.7506572 ]]

 [[ 0.989611   -0.03702793 -0.13892072]
  [-0.06966514  0.7217496  -0.6886395 ]
  [ 0.12576486  0.6911632   0.7116718 ]]

 [[ 0.9952056   0.07945237 -0.05703642]
  [-0.09094927  0.537299   -0.8384737 ]
  [-0.03597313  0.8396411   0.5419491 ]]

 [[ 0.97532034  0.06988543  0.20944302]
  [ 0.09930013  0.7084022  -0.6987889 ]
  [-0.19720505  0.7023406   0.68397945]]

 [[ 0.97986394 -0.1332434  -0.1487042 ]
  [ 0.12824114  0.99081993 -0.04277861]
  [ 0.15303907  0.02284722  0.987956  ]]

 [[ 0.9667663   0.1990688   0.16042055]
  [-0.18254258  0.9767936  -0.11203794]
  [-0.17900102  0.07903091  0.9806697 ]]

 [[ 0.98050326 -0.1733517  -0.09253443]
  [ 0.16355039  0.98096186 -0.10471461]
  [ 0.1089252   0.08753897  0.99018806]]

 [[ 0.9857223  -0.07844935 -0.148987  ]
  [ 0.0686202   0.99518317 -0.07001278]
  [ 0.1537618   0.05878965  0.98635745]]

 [[ 0.96714944 -0.23959853  0.08493741]
  [ 0.21718283  0.95244086  0.21374758]
  [-0.13211146 -0.18827893  0.97318935]]

 [[ 0.97167623  0.23493396 -0.02552057]
  [-0.22650558  0.95668447  0.18289368]
  [ 0.06738307 -0.17193289  0.98280144]]

 [[ 0.9958822   0.07828271  0.04572276]
  [-0.05969015  0.9458002  -0.3192164 ]
  [-0.06823371  0.31517267  0.94657826]]

 [[ 0.9018274  -0.01416737 -0.43186432]
  [ 0.03198521  0.9989091   0.03402276]
  [ 0.43091118 -0.04449592  0.90129673]]

 [[ 0.9802258  -0.1060807   0.16704558]
  [ 0.095167    0.9928499   0.07205856]
  [-0.17349519 -0.05473644  0.9833124 ]]

 [[ 0.99792266  0.02988368 -0.05707274]
  [-0.03314444  0.9978199  -0.05706836]
  [ 0.05524291  0.05884146  0.99673754]]

 [[ 0.6869914   0.5991941  -0.41110736]
  [-0.40422094  0.7852502   0.4690283 ]
  [ 0.60386115 -0.15604016  0.78166693]]

 [[ 0.6629247  -0.73179805  0.1581214 ]
  [ 0.7383087   0.67403185  0.02410852]
  [-0.12422144  0.1007603   0.9871253 ]]

 [[ 0.4621751  -0.22471209 -0.8578454 ]
  [ 0.498079    0.8661399   0.04146155]
  [ 0.7336972  -0.44643724  0.51223266]]

 [[ 0.34608504  0.40355894  0.84697425]
  [-0.50055504  0.8429652  -0.19711523]
  [-0.79351735 -0.35573858  0.4937411 ]]

 [[ 0.96522737 -0.25971478  0.02973921]
  [ 0.26088393  0.96425086 -0.04647453]
  [-0.01660594  0.05261697  0.99847674]]

 [[ 0.97811496  0.2067567   0.02330001]
  [-0.20798369  0.96844244  0.13733885]
  [ 0.00583101 -0.1391792   0.99025005]]

 [[ 0.98405653  0.15914382 -0.07941049]
  [-0.1488196   0.98126656  0.12234662]
  [ 0.09739357 -0.10857815  0.9893055 ]]

 [[ 0.97415173 -0.20428035  0.09642632]
  [ 0.18870054  0.97054803  0.14976163]
  [-0.12417974 -0.12769485  0.98400885]]]
[ 0.35831738  0.4780646  -0.38583836 -0.527827   -0.20077658  0.02938643
  0.06610498  0.03332324  0.03440081  0.01930535]