[[[-0.5284433  -0.06102469 -0.84677243]
  [-0.17698593 -0.96757966  0.18018213]
  [-0.83031535  0.24508287  0.50051045]]]
[[[ 0.9721351  -0.2128483  -0.0982291 ]
  [ 0.17824884  0.39901435  0.89945257]
  [-0.15225212 -0.8918986   0.42583582]]

 [[ 0.9967917  -0.07984413  0.00558396]
  [ 0.04270291  0.5895242   0.8066211 ]
  [-0.06769585 -0.80379474  0.5910424 ]]

 [[ 0.9882051   0.10579712 -0.11071388]
  [-0.1507764   0.54577947 -0.8242519 ]
  [-0.02677811  0.831223    0.55529374]]

 [[ 0.9684027   0.24787581 -0.02745719]
  [-0.1351492   0.42907283 -0.8931021 ]
  [-0.20959726  0.8685932   0.4490155 ]]

 [[ 0.9398823  -0.25005585  0.23258002]
  [ 0.13310547 -0.35895106 -0.9238166 ]
  [ 0.3144906   0.89923644 -0.30408794]]

 [[ 0.9966902   0.03368339 -0.07398676]
  [-0.0283166   0.99697185  0.07242517]
  [ 0.07620224 -0.07009041  0.99462587]]

 [[ 0.9679464   0.130765    0.21443051]
  [-0.12438737  0.9913002  -0.04303089]
  [-0.21819194  0.01497915  0.97579104]]

 [[ 0.9807851   0.00303552 -0.19506761]
  [ 0.04207469  0.97305757  0.22669037]
  [ 0.19050017 -0.23054194  0.95423263]]

 [[ 0.995136    0.00978361 -0.09802337]
  [-0.01476309  0.9986299  -0.05020313]
  [ 0.0973979   0.05140607  0.99391705]]

 [[ 0.96229005 -0.2718931  -0.00848128]
  [ 0.26905417  0.9467213   0.1769986 ]
  [-0.04009529 -0.17260593  0.9841745 ]]

 [[ 0.99728996  0.02826041  0.06792692]
  [-0.044065    0.9688006   0.24389268]
  [-0.05891513 -0.24622492  0.9674204 ]]

 [[ 0.998224    0.02546667  0.05385412]
  [-0.02326924  0.99888635 -0.04104403]
  [-0.0548394   0.03971799  0.9977049 ]]

 [[ 0.83079046 -0.0283381  -0.5558634 ]
  [ 0.09226888  0.99189645  0.08733738]
  [ 0.548884   -0.12384796  0.82667285]]

 [[ 0.8440055   0.14307363  0.5168991 ]
  [-0.24853817  0.9583708   0.14054964]
  [-0.4752721  -0.24709381  0.8444295 ]]

 [[ 0.9980379   0.06166974  0.01082486]
  [-0.06134235  0.9284195   0.36643493]
  [ 0.01254794 -0.36638     0.93038076]]

 [[ 0.84703964  0.36819968 -0.38334408]
  [-0.18935598  0.8829233   0.42964017]
  [ 0.49665684 -0.2913338   0.81759185]]

 [[ 0.78586084 -0.4811993   0.38841978]
  [ 0.36722347  0.8684924   0.33296806]
  [-0.49756366 -0.1190297   0.8592219 ]]

 [[ 0.7522928  -0.22620071 -0.61877996]
  [ 0.3912355   0.9090596   0.14333645]
  [ 0.5300851  -0.3499197   0.7723767 ]]

 [[ 0.48499125  0.30799073  0.8184895 ]
  [-0.390549    0.91369474 -0.11239808]
  [-0.7824672  -0.26514822  0.5634194 ]]

 [[ 0.9629988  -0.26911703  0.01446568]
  [ 0.26320332  0.9275843  -0.26516306]
  [ 0.05794177  0.25915915  0.96409506]]

 [[ 0.9768786   0.20448945  0.0623877 ]
  [-0.1931766   0.96928144 -0.15223733]
  [-0.09160218  0.13666554  0.9863728 ]]

 [[ 0.9882502   0.12905604 -0.08189126]
  [-0.11310443  0.9778507   0.17611225]
  [ 0.10280576 -0.16478068  0.9809579 ]]

 [[ 0.98664874 -0.12246956  0.10735694]
  [ 0.11271816  0.9892988   0.09264194]
  [-0.1175539  -0.07930398  0.989895  ]]]
[ 0.37816328  0.62308335 -0.3467705  -0.48868117 -0.22700733 -0.11555611
  0.1326237   0.05762768 -0.09692398  0.137196  ]