[[[ 0.3493096   0.20751502 -0.9137398 ]
  [ 0.0301088  -0.97715044 -0.21040574]
  [-0.9365235   0.04598514 -0.34757605]]]
[[[ 9.60077882e-01 -2.67313302e-01 -8.24268982e-02]
  [ 2.44220749e-01  6.57293499e-01  7.12966800e-01]
  [-1.36406824e-01 -7.04633892e-01  6.96336389e-01]]

 [[ 9.67410624e-01  1.37830570e-01  2.12413281e-01]
  [-2.42788821e-01  7.43123889e-01  6.23554647e-01]
  [-7.19045177e-02 -6.54804945e-01  7.52369642e-01]]

 [[ 9.94293511e-01 -5.30542992e-02 -9.25511569e-02]
  [-2.76576877e-02  7.09699333e-01 -7.03961551e-01]
  [ 1.03031687e-01  7.02504098e-01  7.04182088e-01]]

 [[ 9.92730141e-01  1.19470656e-01 -1.46103119e-02]
  [-8.06718394e-02  5.70371926e-01 -8.17415297e-01]
  [-8.93237963e-02  8.12651575e-01  5.75863302e-01]]

 [[ 9.74951446e-01  7.72181377e-02  2.08583355e-01]
  [ 7.86141753e-02  7.57630467e-01 -6.47931933e-01]
  [-2.08061203e-01  6.48099840e-01  7.32582450e-01]]

 [[ 9.81822908e-01 -1.62401363e-01 -9.82326120e-02]
  [ 1.58847138e-01  9.86364961e-01 -4.30328548e-02]
  [ 1.03881791e-01  2.66466681e-02  9.94232714e-01]]

 [[ 9.75465715e-01  1.83077514e-01  1.22266985e-01]
  [-1.72263235e-01  9.80564058e-01 -9.39121097e-02]
  [-1.37083814e-01  7.05459416e-02  9.88044143e-01]]

 [[ 9.90104496e-01 -1.40168443e-01 -6.78370707e-03]
  [ 1.37661994e-01  9.79513049e-01 -1.46980688e-01]
  [ 2.72467826e-02  1.44592360e-01  9.89116132e-01]]

 [[ 9.89942014e-01 -9.23906490e-02 -1.07138596e-01]
  [ 8.70995671e-02  9.94785309e-01 -5.30652031e-02]
  [ 1.11482620e-01  4.31997553e-02  9.92826939e-01]]

 [[ 9.66644287e-01 -2.35804826e-01  9.99745652e-02]
  [ 2.16915682e-01  9.61277604e-01  1.69979215e-01]
  [-1.36185229e-01 -1.42623380e-01  9.80363250e-01]]

 [[ 9.77155745e-01  1.89426184e-01 -9.63557735e-02]
  [-1.70206159e-01  9.69026864e-01  1.78932205e-01]
  [ 1.27265781e-01 -1.58444270e-01  9.79131699e-01]]

 [[ 9.96502101e-01  8.25691670e-02 -1.28826480e-02]
  [-8.33600238e-02  9.71265912e-01 -2.22920686e-01]
  [-5.89389913e-03  2.23214805e-01  9.74751472e-01]]

 [[ 8.94961059e-01  2.92684175e-02 -4.45183069e-01]
  [-2.51968228e-03  9.98161435e-01  6.05584346e-02]
  [ 4.46137041e-01 -5.30757308e-02  8.93389344e-01]]

 [[ 8.87784004e-01 -2.58339226e-01  3.80920440e-01]
  [ 2.46273026e-01  9.65806723e-01  8.10366720e-02]
  [-3.88830483e-01  2.18673591e-02  9.21049714e-01]]

 [[ 9.92327750e-01  5.87844066e-02 -1.08765908e-01]
  [-6.54296726e-02  9.96136844e-01 -5.85695282e-02]
  [ 1.04902744e-01  6.52366877e-02  9.92340505e-01]]

 [[ 6.02361858e-01  6.92823052e-01 -3.96429628e-01]
  [-5.30560791e-01  7.18564212e-01  4.49634075e-01]
  [ 5.96376956e-01 -6.05124123e-02  8.00420403e-01]]

 [[ 5.26315093e-01 -7.46428072e-01  4.07231569e-01]
  [ 7.80613005e-01  6.14039838e-01  1.16612211e-01]
  [-3.37099046e-01  2.56515503e-01  9.05849874e-01]]

 [[ 2.49286294e-01 -2.59300292e-01 -9.33070004e-01]
  [ 5.62638223e-01  8.22978556e-01 -7.83870518e-02]
  [ 7.88222432e-01 -5.05439997e-01  3.51049542e-01]]

 [[ 5.00708759e-01  3.18880141e-01  8.04739773e-01]
  [-3.24168265e-01  9.31096971e-01 -1.67252138e-01]
  [-8.02624226e-01 -1.77126482e-01  5.69579244e-01]]

 [[ 9.50015485e-01 -3.12201917e-01  7.00210803e-04]
  [ 3.12167287e-01  9.49939013e-01  1.29357008e-02]
  [-4.70370892e-03 -1.20705338e-02  9.99916017e-01]]

 [[ 9.73228812e-01  2.29566574e-01 -1.11710774e-02]
  [-2.27121890e-01  9.68040705e-01  1.06361896e-01]
  [ 3.52311917e-02 -1.00977272e-01  9.94264722e-01]]

 [[ 9.74685550e-01  1.95580974e-01 -1.08333625e-01]
  [-1.82840779e-01  9.76128399e-01  1.17229290e-01]
  [ 1.28675327e-01 -9.44538936e-02  9.87178445e-01]]

 [[ 9.74523425e-01 -2.02755064e-01  9.58874598e-02]
  [ 1.82663441e-01  9.65564966e-01  1.85252160e-01]
  [-1.30146384e-01 -1.63017452e-01  9.78001595e-01]]]
[ 0.36445558  0.5474611  -0.38003576 -0.39352813 -0.16309571 -0.0497612
  0.05100554  0.09989142  0.06431855  0.01161391]