[[[ 0.5007065   0.16461843 -0.84981984]
  [ 0.02160443 -0.98382103 -0.17784663]
  [-0.86534745  0.0706891  -0.49616206]]]
[[[ 0.9740124  -0.16166364 -0.15863429]
  [ 0.2243512   0.5924978   0.7737007 ]
  [-0.03108879 -0.7891838   0.61336964]]

 [[ 0.9588412   0.17919865  0.22025329]
  [-0.28084666  0.71277726  0.64270824]
  [-0.04181906 -0.67811245  0.73376757]]

 [[ 0.99833715 -0.02817794 -0.05028931]
  [-0.01500474  0.7152934  -0.6986632 ]
  [ 0.0556585   0.69825596  0.71368116]]

 [[ 0.9958642   0.06455133 -0.06393339]
  [-0.08804734  0.5121662  -0.85436136]
  [-0.0224056   0.8564572   0.5157316 ]]

 [[ 0.9771703   0.08504866  0.19469154]
  [ 0.09564835  0.6421556  -0.76058364]
  [-0.1897089   0.7618418   0.6193606 ]]

 [[ 0.99282014 -0.10709    -0.05329124]
  [ 0.10373764  0.99266183 -0.06213682]
  [ 0.05955442  0.05616238  0.9966439 ]]

 [[ 0.98413724  0.17059804  0.04868463]
  [-0.16461208  0.9804275  -0.10800387]
  [-0.066157    0.09827656  0.9929577 ]]

 [[ 0.983856   -0.17697147 -0.02661738]
  [ 0.17194246  0.975999   -0.133648  ]
  [ 0.04963041  0.12691373  0.9906714 ]]

 [[ 0.9964035  -0.06370194 -0.05587516]
  [ 0.06082837  0.9968082  -0.05170466]
  [ 0.0589905   0.04811991  0.997098  ]]

 [[ 0.9550926  -0.25410202  0.1524144 ]
  [ 0.2181738   0.9511279   0.2185312 ]
  [-0.20049481 -0.17546473  0.9638536 ]]

 [[ 0.964466    0.2589191  -0.05259655]
  [-0.24241714  0.9463772   0.2135512 ]
  [ 0.10506866 -0.19321254  0.97551507]]

 [[ 0.995654    0.04569982 -0.08114631]
  [-0.05961335  0.9821664  -0.17831299]
  [ 0.07155029  0.18237543  0.98062223]]

 [[ 0.92391664  0.03060644 -0.38136756]
  [-0.01301794  0.9987327   0.04861496]
  [ 0.38237223 -0.03995155  0.92314416]]

 [[ 0.93101186 -0.17656443  0.31943998]
  [ 0.18432763  0.9828464   0.00602454]
  [-0.31502417  0.0532727   0.9475873 ]]

 [[ 0.9906892  -0.02131739 -0.13446341]
  [ 0.02131251  0.99977183 -0.0014758 ]
  [ 0.13446417 -0.00140369  0.9909175 ]]

 [[ 0.52594036  0.7490732  -0.402835  ]
  [-0.68091184  0.6546474   0.32832268]
  [ 0.5096527   0.10161699  0.8543583 ]]

 [[ 0.54946667 -0.73818797  0.3913627 ]
  [ 0.81319237  0.5800424  -0.04763305]
  [-0.19184482  0.34442598  0.9190028 ]]

 [[-0.10843401 -0.31736305 -0.94208425]
  [ 0.3732808   0.8653271  -0.3344703 ]
  [ 0.9213596  -0.3879299   0.02463464]]

 [[-0.01571067  0.4434097   0.89618134]
  [-0.13859665  0.8866739  -0.44113532]
  [-0.99022424 -0.13113827  0.04752485]]

 [[ 0.9217057  -0.38667384 -0.0306898 ]
  [ 0.3874524   0.92153656  0.02551332]
  [ 0.01841644 -0.0354066   0.9992032 ]]

 [[ 0.9452773   0.31937832  0.06669695]
  [-0.32309094  0.944764    0.05507533]
  [-0.045423   -0.07361063  0.9962522 ]]

 [[ 0.96864986  0.23161845 -0.08983474]
  [-0.2173311   0.9652316   0.1452415 ]
  [ 0.12035196 -0.12116428  0.98530936]]

 [[ 0.97086877 -0.22639726  0.07847378]
  [ 0.20691963  0.9573084   0.20185362]
  [-0.12082272 -0.17973562  0.97626686]]]
[ 0.32535785  0.41535348 -0.24056676 -0.41973153 -0.12927842  0.00859997
  0.07129505  0.04808989  0.00266679  0.00576404]