[[[ 0.3025016   0.21633796 -0.9282729 ]
  [ 0.0539987  -0.97622687 -0.20991698]
  [-0.9516181   0.01337469 -0.30699214]]]
[[[ 0.9368902  -0.3435071  -0.06511325]
  [ 0.30476892  0.7111413   0.63355666]
  [-0.17132649 -0.6134175   0.77095157]]

 [[ 0.97711504  0.05071196  0.20657808]
  [-0.19178008  0.630132    0.75243205]
  [-0.09201416 -0.7748302   0.625437  ]]

 [[ 0.9865752  -0.03685313 -0.15909503]
  [-0.09467729  0.6647041  -0.74108344]
  [ 0.13306238  0.7461972   0.6522914 ]]

 [[ 0.99522775  0.04621549 -0.08594114]
  [-0.09734424  0.53134006 -0.84154725]
  [ 0.00677143  0.845897    0.5333032 ]]

 [[ 0.9870134  -0.03946728  0.15571387]
  [ 0.15635884  0.4582823  -0.8749453 ]
  [-0.03682919  0.88793     0.45850182]]

 [[ 0.97925776 -0.14225082 -0.14428735]
  [ 0.14138274  0.9898207  -0.01630522]
  [ 0.14513804 -0.00443272  0.98940146]]

 [[ 0.9664423   0.15908833  0.20169356]
  [-0.14866307  0.9866881  -0.0659232 ]
  [-0.20949626  0.03372658  0.9772276 ]]

 [[ 0.9806436  -0.13943629 -0.13746113]
  [ 0.13486949  0.9899711  -0.0420411 ]
  [ 0.1419446   0.02268803  0.9896145 ]]

 [[ 0.98190784 -0.08402339 -0.16969717]
  [ 0.07869086  0.9961776  -0.03792085]
  [ 0.17223474  0.02388116  0.9847665 ]]

 [[ 0.9725718  -0.22384425  0.06322812]
  [ 0.20760727  0.95795923  0.19802375]
  [-0.10489643 -0.17946571  0.9781558 ]]

 [[ 0.9811408   0.19321913  0.00540377]
  [-0.19143938  0.9674797   0.16533007]
  [ 0.02671688 -0.16324656  0.9862236 ]]

 [[ 0.9873023   0.07673988  0.13908681]
  [-0.0432792   0.97239447 -0.22929409]
  [-0.15284327  0.22036302  0.96336854]]

 [[ 0.835474   -0.01374282 -0.54935795]
  [ 0.04140236  0.9984201   0.0379889 ]
  [ 0.5479679  -0.05448347  0.83472306]]

 [[ 0.9542373  -0.12714185  0.2706773 ]
  [ 0.10618039  0.99019367  0.09078625]
  [-0.2795657  -0.057891    0.9583797 ]]

 [[ 0.9975616   0.0539992  -0.04421542]
  [-0.05271423  0.998167    0.02972938]
  [ 0.04573974 -0.02732611  0.99857956]]

 [[ 0.76100147  0.46449703 -0.45290095]
  [-0.2395696   0.84997755  0.4691957 ]
  [ 0.6028956  -0.24855731  0.75811356]]

 [[ 0.687195   -0.70312536  0.1826961 ]
  [ 0.70758206  0.7047914   0.05095808]
  [-0.16459255  0.09425434  0.98184806]]

 [[ 0.7688909  -0.19039716 -0.6103734 ]
  [ 0.37789097  0.9053801   0.1936112 ]
  [ 0.5157569  -0.3795205   0.76808786]]

 [[ 0.37498084  0.3943792   0.8389603 ]
  [-0.46504202  0.8629122  -0.19778384]
  [-0.80195093 -0.31598663  0.50697845]]

 [[ 0.9765681  -0.21399812  0.02279541]
  [ 0.21480854  0.96281075 -0.16386817]
  [ 0.01311982  0.16492507  0.98621887]]

 [[ 0.9863537   0.1628485   0.024222  ]
  [-0.16449377  0.98095375  0.10330275]
  [-0.00693796 -0.10587743  0.9943549 ]]

 [[ 0.9876701   0.1393082  -0.07142071]
  [-0.12732337  0.98025703  0.15127745]
  [ 0.09108485 -0.1403187   0.9859078 ]]

 [[ 0.9778046  -0.18298396  0.10205332]
  [ 0.1688153   0.97656155  0.1335254 ]
  [-0.12409435 -0.11333361  0.98577684]]]
[ 0.43331122  0.55689263 -0.47550416 -0.639035   -0.25570488  0.04937628
  0.0445126   0.04158807  0.04959224  0.02338701]