[[[-0.8072114  -0.05157287 -0.588005  ]
  [-0.17516634 -0.93037     0.32206884]
  [-0.5636723   0.36297634  0.74197143]]]
[[[ 8.32196414e-01 -5.22707403e-01 -1.85002923e-01]
  [ 3.40537608e-01  2.18498513e-01  9.14490283e-01]
  [-4.37587976e-01 -8.24036002e-01  3.59835207e-01]]

 [[ 7.66813278e-01  6.20691240e-01 -1.63523167e-01]
  [-5.63249528e-01  7.72857308e-01  2.92303920e-01]
  [ 3.07810515e-01 -1.32038176e-01  9.42241311e-01]]

 [[ 9.95796263e-01  3.11726448e-03  9.15433615e-02]
  [ 6.03369549e-02  7.29622960e-01 -6.81182623e-01]
  [-6.89155757e-02  6.83842480e-01  7.26367712e-01]]

 [[ 9.37868416e-01  3.40606540e-01  6.62576705e-02]
  [-1.06089540e-01  4.63274300e-01 -8.79841983e-01]
  [-3.30375493e-01  8.18146706e-01  4.70625132e-01]]

 [[ 9.34669852e-01  1.29616797e-01  3.31046313e-01]
  [ 6.03816248e-02  8.59763920e-01 -5.07109523e-01]
  [-3.50351572e-01  4.93969142e-01  7.95768917e-01]]

 [[ 9.91358101e-01  1.31182954e-01 -2.96188024e-04]
  [-1.30971625e-01  9.89628017e-01 -5.90158813e-02]
  [-7.44876033e-03  5.85446656e-02  9.98256981e-01]]

 [[ 9.30945635e-01  3.38785440e-01  1.36252120e-01]
  [-3.39282393e-01  9.40465987e-01 -2.02765688e-02]
  [-1.35009900e-01 -2.73515638e-02  9.90466654e-01]]

 [[ 9.49425638e-01 -1.94324717e-01 -2.46635184e-01]
  [ 2.31213793e-01  9.64120865e-01  1.30426571e-01]
  [ 2.12441027e-01 -1.80855781e-01  9.60291624e-01]]

 [[ 9.88380611e-01  1.37561545e-01  6.46570772e-02]
  [-1.36332944e-01  9.90394533e-01 -2.30654292e-02]
  [-6.72089309e-02  1.39825335e-02  9.97640908e-01]]

 [[ 8.74390721e-01 -4.75540906e-01  9.64451134e-02]
  [ 4.61496294e-01  8.76435399e-01  1.37412339e-01]
  [-1.49873093e-01 -7.56430104e-02  9.85807359e-01]]

 [[ 9.45674956e-01  3.00380021e-01 -1.24381110e-01]
  [-2.70630777e-01  9.39314663e-01  2.10824490e-01]
  [ 1.80160463e-01 -1.65710092e-01  9.69578445e-01]]

 [[ 9.96006489e-01  2.37332880e-02 -8.60688314e-02]
  [-4.12627198e-02  9.77252662e-01 -2.08025485e-01]
  [ 7.91738629e-02  2.10746154e-01  9.74329293e-01]]

 [[ 9.64462101e-01  2.54911542e-01 -6.95204884e-02]
  [-2.45147869e-01  9.61463809e-01  1.24458268e-01]
  [ 9.85672846e-02 -1.02992468e-01  9.89786446e-01]]

 [[ 9.44894671e-01  1.70815110e-01  2.79278100e-01]
  [-2.04846114e-01  9.73938584e-01  9.73745957e-02]
  [-2.55366623e-01 -1.49217770e-01  9.55260217e-01]]

 [[ 9.82696831e-01  9.86778364e-02  1.56746924e-01]
  [-1.08196579e-01  9.92695272e-01  5.33816926e-02]
  [-1.50334343e-01 -6.94175065e-02  9.86195087e-01]]

 [[ 7.67974675e-01  6.16142511e-01 -1.74880952e-01]
  [-5.63914120e-01  7.79932797e-01  2.71488100e-01]
  [ 3.03670764e-01 -1.09878138e-01  9.46420074e-01]]

 [[ 8.18152964e-01 -2.65309066e-01  5.10134161e-01]
  [ 6.77810088e-02  9.25503075e-01  3.72625709e-01]
  [-5.70991635e-01 -2.70287424e-01  7.75186002e-01]]

 [[ 2.92739451e-01 -3.62272114e-01 -8.84908199e-01]
  [ 5.97215474e-01  7.92014539e-01 -1.26675546e-01]
  [ 7.46751130e-01 -4.91397947e-01  4.48208421e-01]]

 [[ 2.12493718e-01  2.36882880e-01  9.48015213e-01]
  [-5.03749788e-01  8.57872367e-01 -1.01445235e-01]
  [-8.37306738e-01 -4.56005961e-01  3.01622182e-01]]

 [[ 9.84401822e-01 -1.75712839e-01  8.83492827e-03]
  [ 1.75571427e-01  9.84355032e-01  1.48255900e-02]
  [-1.13017531e-02 -1.30431773e-02  9.99851048e-01]]

 [[ 9.77839172e-01  2.09357500e-01  2.73642130e-04]
  [-2.08239511e-01  9.72750604e-01 -1.01944365e-01]
  [-2.16090027e-02  9.96282026e-02  9.94790137e-01]]

 [[ 9.80743825e-01  1.78392574e-01 -7.94833228e-02]
  [-1.67585447e-01  9.77704346e-01  1.26527533e-01]
  [ 1.00282773e-01 -1.10770859e-01  9.88773525e-01]]

 [[ 9.88849163e-01 -1.41222462e-01  4.72615920e-02]
  [ 1.31734550e-01  9.77515578e-01  1.64649054e-01]
  [-6.94510862e-02 -1.56587079e-01  9.85219359e-01]]]
[ 3.2821834e-01  6.8448848e-01 -1.3365833e-01 -7.9381669e-01
 -1.7528200e-01 -1.8369702e-01  1.4802596e-01  1.3200042e-01
 -1.4488420e-01  7.8696012e-04]