[[[ 0.03795681  0.13323107 -0.9903579 ]
  [ 0.10215281 -0.9863974  -0.1287831 ]
  [-0.99404424 -0.09627964 -0.05105043]]]
[[[ 9.41504657e-01 -3.31881076e-01  5.85144386e-02]
  [ 2.57430106e-01  8.20333421e-01  5.10668933e-01]
  [-2.17482716e-01 -4.65733796e-01  8.57783914e-01]]

 [[ 9.76216197e-01 -9.93487984e-03  2.16571599e-01]
  [-1.98053211e-01  3.65471870e-01  9.09508228e-01]
  [-8.81866738e-02 -9.30769324e-01  3.54811937e-01]]

 [[ 9.84108567e-01 -7.92685002e-02 -1.58892319e-01]
  [-8.34004804e-02  5.83644211e-01 -8.07715118e-01]
  [ 1.56762958e-01  8.08131099e-01  5.67758262e-01]]

 [[ 9.94791031e-01  3.95089611e-02 -9.39672962e-02]
  [-9.18862000e-02  7.46668756e-01 -6.58819139e-01]
  [ 4.41331826e-02  6.64021671e-01  7.46409714e-01]]

 [[ 9.68154609e-01 -2.14019045e-01  1.29894167e-01]
  [ 1.39621347e-01  3.09126247e-02 -9.89722311e-01]
  [ 2.07804069e-01  9.76340234e-01  5.98098300e-02]]

 [[ 9.90452111e-01 -1.07938975e-01 -8.57547298e-02]
  [ 1.10175386e-01  9.93673563e-01  2.17752401e-02]
  [ 8.28618184e-02 -3.10153905e-02  9.96078312e-01]]

 [[ 9.66616094e-01  1.17764205e-01  2.27562875e-01]
  [-1.16004087e-01  9.93023694e-01 -2.11423747e-02]
  [-2.28465140e-01 -5.96166495e-03  9.73533809e-01]]

 [[ 9.82028961e-01 -1.19457863e-01 -1.46113232e-01]
  [ 1.25308394e-01  9.91618216e-01  3.14816199e-02]
  [ 1.41127810e-01 -4.92250733e-02  9.88766909e-01]]

 [[ 9.85999882e-01 -6.72900155e-02 -1.52565405e-01]
  [ 6.81187287e-02  9.97677147e-01  2.05490011e-04]
  [ 1.52197212e-01 -1.05951764e-02  9.88293231e-01]]

 [[ 9.75122273e-01 -2.05163985e-01  8.39306936e-02]
  [ 1.89726532e-01  9.68276024e-01  1.62620246e-01]
  [-1.14631899e-01 -1.42650738e-01  9.83112574e-01]]

 [[ 9.85902905e-01  1.61061019e-01  4.53285277e-02]
  [-1.66296273e-01  9.73132730e-01  1.59242630e-01]
  [-1.84628926e-02 -1.64535746e-01  9.86198246e-01]]

 [[ 9.86418247e-01 -7.36045837e-03  1.64088190e-01]
  [ 2.05611885e-02  9.96670723e-01 -7.88964480e-02]
  [-1.62961185e-01  8.11987370e-02  9.83285546e-01]]

 [[ 8.23262930e-01  8.06095228e-02 -5.61907709e-01]
  [-5.31338230e-02  9.96463001e-01  6.51019588e-02]
  [ 5.65168083e-01 -2.37397198e-02  8.24634135e-01]]

 [[ 8.97141576e-01 -1.12655483e-01  4.27136779e-01]
  [ 6.23203181e-02  9.89541471e-01  1.30092070e-01]
  [-4.37325090e-01 -9.00916904e-02  8.94779503e-01]]

 [[ 9.98820066e-01  4.51429151e-02  1.79059803e-02]
  [-4.73924093e-02  9.86556292e-01  1.56399205e-01]
  [-1.06049431e-02 -1.57063276e-01  9.87531662e-01]]

 [[ 8.35348189e-01  4.22251105e-01 -3.51990759e-01]
  [-2.47746572e-01  8.60769629e-01  4.44631755e-01]
  [ 4.90729123e-01 -2.84217805e-01  8.23653638e-01]]

 [[ 6.98777676e-01 -6.22386873e-01  3.52624893e-01]
  [ 6.02007210e-01  7.77920783e-01  1.80073708e-01]
  [-3.86389762e-01  8.64512548e-02  9.18275058e-01]]

 [[ 8.76943469e-01 -1.93588227e-01 -4.39879328e-01]
  [ 3.37876618e-01  8.99247289e-01  2.77837515e-01]
  [ 3.41774225e-01 -3.92272711e-01  8.53997946e-01]]

 [[ 3.89812469e-01  3.30969959e-01  8.59363198e-01]
  [-4.12700176e-01  8.97011876e-01 -1.58266380e-01]
  [-8.23240399e-01 -2.92965114e-01  4.86257762e-01]]

 [[ 9.73814964e-01 -2.24471137e-01  3.60164866e-02]
  [ 2.26692870e-01  9.46805477e-01 -2.28407085e-01]
  [ 1.71701852e-02  2.30590895e-01  9.72899318e-01]]

 [[ 9.86992359e-01  1.58624485e-01  2.61570476e-02]
  [-1.58144847e-01  9.87223387e-01 -1.94982421e-02]
  [-2.89157461e-02  1.51080163e-02  9.99467611e-01]]

 [[ 9.86084342e-01  1.53233260e-01 -6.44764677e-02]
  [-1.38609901e-01  9.71942902e-01  1.90037295e-01]
  [ 9.17874947e-02 -1.78455725e-01  9.79657352e-01]]

 [[ 9.75749791e-01 -1.65165752e-01  1.43640876e-01]
  [ 1.50309578e-01  9.82630670e-01  1.08829819e-01]
  [-1.59120902e-01 -8.46000612e-02  9.83627677e-01]]]
[ 0.5541741   0.6945175  -0.66925716 -0.7287922  -0.26489913  0.02032796
  0.02849716  0.05181557  0.05772807  0.036448  ]