[[[ 0.6346717   0.19930233 -0.7466394 ]
  [ 0.1491714  -0.97959584 -0.13468464]
  [-0.75824773 -0.02589671 -0.65145195]]]
[[[ 0.9699252  -0.09689238 -0.22328685]
  [ 0.24030797  0.52702427  0.8151671 ]
  [ 0.03869411 -0.84430873  0.53445816]]

 [[ 0.9740735   0.1699752   0.14929555]
  [-0.2227916   0.606081    0.7635639 ]
  [ 0.0393017  -0.77702916  0.62823653]]

 [[ 0.9967548   0.07484318 -0.0296371 ]
  [-0.06847143  0.5946978  -0.80102825]
  [-0.04232638  0.800458    0.5978925 ]]

 [[ 0.99455345 -0.0370346  -0.09742604]
  [-0.06894871  0.46721485 -0.8814513 ]
  [ 0.07816312  0.88336784  0.46211666]]

 [[ 0.987712   -0.13510618  0.07855655]
  [ 0.1273972   0.40488827 -0.90544754]
  [ 0.09052495  0.9043295   0.41712517]]

 [[ 0.99335146 -0.11366718 -0.01823849]
  [ 0.11222234  0.9914377  -0.06676468]
  [ 0.02567128  0.06427403  0.99760205]]

 [[ 0.99336535  0.10715721  0.04174556]
  [-0.10588799  0.99387836 -0.03151941]
  [-0.04486755  0.02688993  0.998631  ]]

 [[ 0.9893001  -0.12729311 -0.07128656]
  [ 0.12409354  0.99112517 -0.04766212]
  [ 0.07672097  0.03830594  0.99631643]]

 [[ 0.99527425 -0.09453537 -0.0221883 ]
  [ 0.09336983  0.9944387  -0.04872134]
  [ 0.02667079  0.04641938  0.998566  ]]

 [[ 0.95608455 -0.23723637  0.17210807]
  [ 0.19855069  0.9562027   0.21506736]
  [-0.21559201 -0.1714504   0.9613141 ]]

 [[ 0.97561514  0.20775373 -0.07080574]
  [-0.19009492  0.9610546   0.20059392]
  [ 0.10972232 -0.18224266  0.97711235]]

 [[ 0.99698144 -0.00712495 -0.07731298]
  [-0.00139968  0.9939692  -0.10965082]
  [ 0.07762798  0.10942804  0.99095887]]

 [[ 0.9132638   0.15766297 -0.37562177]
  [-0.1462026   0.98749244  0.05902074]
  [ 0.38022906  0.00101538  0.9248918 ]]

 [[ 0.87003756 -0.38717955  0.30516633]
  [ 0.37986398  0.9210726   0.08560748]
  [-0.3142258   0.04143997  0.9484433 ]]

 [[ 0.97626954 -0.09088143 -0.19656636]
  [ 0.08434323  0.9955764  -0.0413991 ]
  [ 0.19945922  0.02383764  0.9796161 ]]

 [[ 0.53302807  0.7145687  -0.45307043]
  [-0.6764962   0.6815418   0.27902284]
  [ 0.5081674   0.15777342  0.8466839 ]]

 [[ 0.5618837  -0.73939365  0.3709229 ]
  [ 0.7632765   0.6362715   0.11210521]
  [-0.31889752  0.22012667  0.9218724 ]]

 [[-0.18821716 -0.38736472 -0.9025092 ]
  [ 0.3431671   0.83507305 -0.4299876 ]
  [ 0.9202231  -0.39064252 -0.02424425]]

 [[-0.3603142   0.4682805   0.8067757 ]
  [-0.3453897   0.73642874 -0.5817032 ]
  [-0.8665331  -0.48824796 -0.10360646]]

 [[ 0.9266895  -0.37515152 -0.02253704]
  [ 0.3753432   0.9268734   0.00482193]
  [ 0.01908003 -0.01292755  0.9997344 ]]

 [[ 0.91420573  0.3996959   0.06686592]
  [-0.39943436  0.91658854 -0.01781979]
  [-0.06841104 -0.0104176   0.99760276]]

 [[ 0.96412766  0.24379873 -0.10497614]
  [-0.22651114  0.9618424   0.15346617]
  [ 0.13838536 -0.12418271  0.982562  ]]

 [[ 0.96322274 -0.25469002  0.08564404]
  [ 0.2384434   0.9571136   0.164555  ]
  [-0.12388159 -0.13808186  0.98264277]]]
[ 0.4739343   0.62567914 -0.20935248 -0.5327034  -0.1644293  -0.09707289
 -0.02210855  0.11889166  0.00447188 -0.02345777]