[[[ 0.5378192   0.20111603 -0.81872016]
  [ 0.0819732  -0.9790024  -0.18664044]
  [-0.83906543  0.0332657  -0.54301244]]]
[[[ 0.9682671  -0.14962175 -0.20018065]
  [ 0.24990742  0.57232237  0.78102076]
  [-0.00228982 -0.8062632   0.5915525 ]]

 [[ 0.9666073   0.15451406  0.2044401 ]
  [-0.2552739   0.6505703   0.7152576 ]
  [-0.02248529 -0.74356145  0.66828936]]

 [[ 0.99895155  0.00168163 -0.04575014]
  [-0.03544925  0.6607779  -0.749744  ]
  [ 0.02896988  0.75057966  0.66014475]]

 [[ 0.9964054   0.00479202 -0.08457733]
  [-0.07815663  0.4371301  -0.89599603]
  [ 0.03267766  0.8993855   0.43593332]]

 [[ 0.9905292  -0.01299304  0.13668625]
  [ 0.1261682   0.47883612 -0.8687909 ]
  [-0.05416207  0.8778082   0.47594047]]

 [[ 0.9903635  -0.13145784 -0.0435794 ]
  [ 0.12805004  0.9890433  -0.07346136]
  [ 0.05275898  0.06717309  0.9963455 ]]

 [[ 0.9890075   0.14398149  0.03366728]
  [-0.14205955  0.98839325 -0.05383134]
  [-0.04102723  0.04845684  0.99798226]]

 [[ 0.9902541  -0.13783725 -0.01994334]
  [ 0.1357081   0.98715556 -0.08430434]
  [ 0.03130746  0.08077624  0.9962405 ]]

 [[ 0.99466217 -0.08848237 -0.05308519]
  [ 0.08630434  0.99538267 -0.04201048]
  [ 0.05655726  0.03720475  0.9977059 ]]

 [[ 0.9502952  -0.26357797  0.16572788]
  [ 0.21959163  0.9447435   0.24339117]
  [-0.22072288 -0.19490099  0.95566475]]

 [[ 0.9730413   0.21706524 -0.07793196]
  [-0.19545802  0.95550257  0.22093217]
  [ 0.12242088 -0.19974369  0.9721706 ]]

 [[ 0.99750316  0.04600518 -0.05358166]
  [-0.05321116  0.98844594 -0.14192642]
  [ 0.04643323  0.1444232   0.9884259 ]]

 [[ 0.9377737   0.10340001 -0.33149502]
  [-0.10285994  0.99451005  0.01922503]
  [ 0.33166298  0.01606883  0.9432611 ]]

 [[ 0.90309614 -0.30762425  0.299641  ]
  [ 0.3086155   0.95010865  0.04527743]
  [-0.29861993  0.05158399  0.95297706]]

 [[ 0.9858578  -0.02686505 -0.1654163 ]
  [ 0.02671182  0.9996382  -0.003151  ]
  [ 0.16544111 -0.00131214  0.9862187 ]]

 [[ 0.48174632  0.7918008  -0.37546238]
  [-0.7694461   0.5872503   0.2511769 ]
  [ 0.41937247  0.16789453  0.8921537 ]]

 [[ 0.5286208  -0.7522253   0.393341  ]
  [ 0.80360794  0.5927429   0.05357281]
  [-0.27344894  0.28777227  0.91783047]]

 [[-0.2974435  -0.39103162 -0.8709889 ]
  [ 0.30748248  0.8244381  -0.47513816]
  [ 0.9038705  -0.4091406  -0.12498838]]

 [[-0.29292193  0.48128685  0.8261717 ]
  [-0.25653318  0.7928314  -0.55281913]
  [-0.9210795  -0.37387326 -0.10877167]]

 [[ 0.9272049  -0.37167266 -0.04637359]
  [ 0.37410834  0.9250163   0.06624106]
  [ 0.01827634 -0.07876778  0.9967255 ]]

 [[ 0.92609906  0.37279135  0.05802663]
  [-0.37461522  0.92686474  0.02418883]
  [-0.04476545 -0.04413891  0.9980219 ]]

 [[ 0.96429616  0.24702863 -0.09544552]
  [-0.23131621  0.96115094  0.15060417]
  [ 0.1289411  -0.12314891  0.9839759 ]]

 [[ 0.9636837  -0.25722757  0.07174705]
  [ 0.24160193  0.95426244  0.17610139]
  [-0.11376365 -0.15237182  0.9817539 ]]]
[ 0.3348564   0.5236744  -0.26202965 -0.54396343 -0.17022419 -0.02170881
  0.03691274  0.09157038  0.00882129 -0.03562307]