[[[ 0.5464286   0.21030249 -0.81067175]
  [ 0.10371944 -0.9775008  -0.1836694 ]
  [-0.83105844  0.0162798  -0.5559469 ]]]
[[[ 9.68178451e-01 -1.35776818e-01 -2.10226178e-01]
  [ 2.49940559e-01  5.67076862e-01  7.84827054e-01]
  [ 1.26530807e-02 -8.12396765e-01  5.82967758e-01]]

 [[ 9.70181584e-01  1.51999339e-01  1.88795805e-01]
  [-2.41930172e-01  6.54676139e-01  7.16148734e-01]
  [-1.47459703e-02 -7.40469754e-01  6.71927989e-01]]

 [[ 9.99066591e-01  2.06087641e-02 -3.79615799e-02]
  [-4.23009098e-02  6.44678831e-01 -7.63282239e-01]
  [ 8.74272734e-03  7.64175713e-01  6.44948840e-01]]

 [[ 9.95760858e-01 -1.27528841e-02 -9.10904035e-02]
  [-7.67583922e-02  4.30435032e-01 -8.99351835e-01]
  [ 5.06778881e-02  9.02531505e-01  4.27631468e-01]]

 [[ 9.91081178e-01 -3.75032723e-02  1.27873078e-01]
  [ 1.29829496e-01  4.88046825e-01 -8.63107443e-01]
  [-3.00387051e-02  8.72011304e-01  4.88563061e-01]]

 [[ 9.90509868e-01 -1.32709801e-01 -3.57549042e-02]
  [ 1.29223943e-01  9.87826169e-01 -8.66065770e-02]
  [ 4.68131676e-02  8.11642706e-02  9.95600879e-01]]

 [[ 9.90152001e-01  1.36782199e-01  2.98269596e-02]
  [-1.35211527e-01  9.89578903e-01 -4.95124198e-02]
  [-3.62885445e-02  4.49918732e-02  9.98328090e-01]]

 [[ 9.90249872e-01 -1.33561477e-01 -3.95792983e-02]
  [ 1.30216226e-01  9.88444090e-01 -7.76020363e-02]
  [ 4.94865626e-02  7.16915354e-02  9.96198535e-01]]

 [[ 9.94413972e-01 -9.55324918e-02 -4.48826998e-02]
  [ 9.36255455e-02  9.94685829e-01 -4.28291634e-02]
  [ 4.87357639e-02  3.83877493e-02  9.98073757e-01]]

 [[ 9.51815724e-01 -2.53089428e-01  1.73183605e-01]
  [ 2.09044576e-01  9.48643863e-01  2.37434715e-01]
  [-2.24381760e-01 -1.89791009e-01  9.55841124e-01]]

 [[ 9.74897504e-01  2.08685577e-01 -7.76216835e-02]
  [-1.88278273e-01  9.58758295e-01  2.12917387e-01]
  [ 1.18853219e-01 -1.92958161e-01  9.73982036e-01]]

 [[ 9.97779131e-01  4.13323604e-02 -5.22345603e-02]
  [-4.99097183e-02  9.83240664e-01 -1.75347820e-01]
  [ 4.41116020e-02  1.77565396e-01  9.83119905e-01]]

 [[ 9.39855754e-01  1.14529356e-01 -3.21798533e-01]
  [-1.12349726e-01  9.93344009e-01  2.54025776e-02]
  [ 3.22565943e-01  1.22792162e-02  9.46467400e-01]]

 [[ 8.97872031e-01 -3.34102571e-01  2.86707669e-01]
  [ 3.28554869e-01  9.41977859e-01  6.87704459e-02]
  [-2.93048650e-01  3.24521288e-02  9.55546618e-01]]

 [[ 9.83853519e-01 -3.38280648e-02 -1.75749570e-01]
  [ 3.44437473e-02  9.99406576e-01  4.53033426e-04]
  [ 1.75629929e-01 -6.49919314e-03  9.84434843e-01]]

 [[ 4.92144495e-01  7.84660637e-01 -3.76963437e-01]
  [-7.68599510e-01  5.94987988e-01  2.35040426e-01]
  [ 4.08715725e-01  1.74060091e-01  8.95909846e-01]]

 [[ 5.24085045e-01 -7.54202724e-01  3.95617276e-01]
  [ 7.94679940e-01  6.00118935e-01  9.13292915e-02]
  [-3.06298226e-01  2.66524822e-01  9.13863182e-01]]

 [[-2.61691600e-01 -4.11664873e-01 -8.72954428e-01]
  [ 2.86324412e-01  8.30643475e-01 -4.77545440e-01]
  [ 9.21702623e-01 -3.74917865e-01 -9.95027125e-02]]

 [[-3.58897954e-01  4.77985114e-01  8.01699698e-01]
  [-2.79789299e-01  7.64332235e-01 -5.80959678e-01]
  [-8.90455008e-01 -4.32812244e-01 -1.40582159e-01]]

 [[ 9.33988750e-01 -3.55382323e-01 -3.69920954e-02]
  [ 3.57036442e-01  9.32272136e-01  5.82546443e-02]
  [ 1.37840305e-02 -6.76167086e-02  9.97616112e-01]]

 [[ 9.18988109e-01  3.90622735e-01  5.36169931e-02]
  [-3.92108142e-01  9.19694901e-01  2.03095600e-02]
  [-4.13778983e-02 -3.96879017e-02  9.98355031e-01]]

 [[ 9.65440273e-01  2.42559761e-01 -9.53411311e-02]
  [-2.25766778e-01  9.61112082e-01  1.59037367e-01]
  [ 1.30209580e-01 -1.32016197e-01  9.82658267e-01]]

 [[ 9.63158250e-01 -2.61246532e-01  6.38485476e-02]
  [ 2.47655928e-01  9.54146266e-01  1.68141276e-01]
  [-1.04847170e-01 -1.46134153e-01  9.83693123e-01]]]
[ 3.6200553e-01  5.4469585e-01 -2.6626649e-01 -5.5471361e-01
 -1.9127375e-01 -3.1311896e-02  2.1880060e-02  9.8528609e-02
 -4.5602024e-04 -3.0721158e-02]