[[[-0.8545553  -0.06606296 -0.5151416 ]
  [-0.11765645 -0.9414648   0.3159129 ]
  [-0.5058578   0.33057478  0.796761  ]]]
[[[ 0.7910173  -0.5625595  -0.24045503]
  [ 0.40189093  0.18147084  0.8975256 ]
  [-0.46127588 -0.80659485  0.36963412]]

 [[ 0.7401842   0.65121627 -0.1674659 ]
  [-0.5825811   0.74545807  0.32386968]
  [ 0.335748   -0.14216073  0.9311626 ]]

 [[ 0.99696827 -0.00528648  0.07762984]
  [ 0.05567832  0.7453953  -0.6642934 ]
  [-0.05435315  0.6666017   0.7434298 ]]

 [[ 0.95300645  0.29601556  0.06444793]
  [-0.08510982  0.4657729  -0.88080186]
  [-0.29074922  0.83392465  0.4690784 ]]

 [[ 0.92768884  0.11126359  0.3563897 ]
  [ 0.03354954  0.92585784 -0.37637964]
  [-0.37184358  0.36112     0.85517514]]

 [[ 0.99319255  0.11613767 -0.00897475]
  [-0.11645395  0.99173254 -0.0538983 ]
  [ 0.00264093  0.05457654  0.99850607]]

 [[ 0.9275471   0.35008857  0.13074555]
  [-0.35283843  0.9356815  -0.00227249]
  [-0.12313175 -0.04402421  0.99141335]]

 [[ 0.955895   -0.22466506 -0.18918335]
  [ 0.2455297   0.9647295   0.09493233]
  [ 0.16118279 -0.13719547  0.97734207]]

 [[ 0.9900172   0.1289875   0.05681714]
  [-0.12962395  0.9915337   0.00764711]
  [-0.05534973 -0.01493564  0.99835527]]

 [[ 0.8634923  -0.49034104  0.11809599]
  [ 0.47410136  0.86900467  0.14162882]
  [-0.1720724  -0.06630592  0.9828502 ]]

 [[ 0.9303873   0.32479796 -0.16995777]
  [-0.29093948  0.93631     0.19666703]
  [ 0.22301018 -0.1335291   0.9656275 ]]

 [[ 0.9905092  -0.02629294 -0.13490792]
  [ 0.01700597  0.99743456 -0.06953572]
  [ 0.13639009  0.06658153  0.98841524]]

 [[ 0.95201415  0.2922297  -0.09094495]
  [-0.28634256  0.95538384  0.07245444]
  [ 0.10806067 -0.04293623  0.99321675]]

 [[ 0.9354641   0.12079984  0.33213598]
  [-0.15979005  0.9827981   0.09260061]
  [-0.31523654 -0.13969657  0.9386749 ]]

 [[ 0.991516    0.04310042  0.12263105]
  [-0.05445603  0.99437845  0.09080807]
  [-0.1180278  -0.09671566  0.98828924]]

 [[ 0.70664114  0.6856464  -0.17477775]
  [-0.6577164   0.7275752   0.19504735]
  [ 0.2608975  -0.0228743   0.9650954 ]]

 [[ 0.74007714 -0.34280226  0.5785952 ]
  [ 0.12441903  0.91527545  0.38313282]
  [-0.6609128  -0.2115596   0.72002554]]

 [[ 0.22885737 -0.38063484 -0.89595836]
  [ 0.55581814  0.8067026  -0.2007415 ]
  [ 0.7991811  -0.45204872  0.39618358]]

 [[ 0.41547167  0.2124465   0.8844489 ]
  [-0.4523918   0.8918177  -0.00170453]
  [-0.78912926 -0.39940923  0.46663404]]

 [[ 0.9887043  -0.14934948  0.01259304]
  [ 0.14844353  0.98737204  0.0553268 ]
  [-0.02069705 -0.05283248  0.99838895]]

 [[ 0.9740212   0.22565319 -0.01905912]
  [-0.22642653  0.9690644  -0.09821039]
  [-0.00369198  0.0999745   0.99498314]]

 [[ 0.9791974   0.18191393 -0.08988824]
  [-0.16918135  0.9765288   0.13330135]
  [ 0.1120278  -0.11532091  0.9869909 ]]

 [[ 0.9871907  -0.15017843  0.05385952]
  [ 0.13813192  0.9734545   0.18249904]
  [-0.07983721 -0.17272164  0.9817297 ]]]
[ 0.3859619   0.69275075 -0.14707991 -0.84859395 -0.17096186 -0.17722428
  0.15946859  0.12798893 -0.11838433  0.00319776]