[[[-3.0390793e-01 -5.8986503e-04 -9.5270127e-01]
  [ 5.3673297e-02 -9.9842221e-01 -1.6503397e-02]
  [-9.5118827e-01 -5.6150131e-02  3.0346009e-01]]]
[[[ 0.97807455 -0.18738535 -0.09086734]
  [ 0.18356986  0.56968963  0.8010966 ]
  [-0.0983476  -0.80021274  0.59159726]]

 [[ 0.977295   -0.11545828  0.17766237]
  [-0.12606423  0.35708913  0.92552423]
  [-0.17030074 -0.92690706  0.33442625]]

 [[ 0.99342704 -0.01631139 -0.11329852]
  [-0.09147875  0.48183283 -0.871475  ]
  [ 0.06880593  0.8761113   0.47717363]]

 [[ 0.98951846  0.09927248 -0.10487223]
  [-0.13743448  0.4244758  -0.89494807]
  [-0.04432798  0.8999807   0.4336701 ]]

 [[ 0.9652809  -0.16971046  0.19857289]
  [ 0.14945745 -0.26463482 -0.9526967 ]
  [ 0.21423186  0.9492981  -0.23008244]]

 [[ 0.9946989  -0.07001667 -0.07531162]
  [ 0.07513291  0.99489355  0.06739318]
  [ 0.07020839 -0.0726943   0.9948801 ]]

 [[ 0.9695379   0.09241362  0.22683886]
  [-0.09799044  0.9950968   0.01342345]
  [-0.22448613 -0.03524259  0.9738397 ]]

 [[ 0.9850516  -0.02772431 -0.1700137 ]
  [ 0.05698658  0.9838396   0.16974181]
  [ 0.16256021 -0.17689295  0.9707126 ]]

 [[ 0.9901659  -0.04873695 -0.13113452]
  [ 0.04569524  0.9986142  -0.02610713]
  [ 0.13222519  0.01985816  0.99102074]]

 [[ 0.97386736 -0.22536652  0.02814648]
  [ 0.21794283  0.96219116  0.16336824]
  [-0.06390002 -0.15296468  0.98616356]]

 [[ 0.9945597   0.06224021  0.0835291 ]
  [-0.07945297  0.97183055  0.22188412]
  [-0.06736602 -0.22731364  0.97148865]]

 [[ 0.98123175 -0.02231207  0.19153695]
  [ 0.01782502  0.99952555  0.02511796]
  [-0.19200651 -0.02123239  0.9811639 ]]

 [[ 0.7874243   0.00979405 -0.6163335 ]
  [ 0.02538645  0.9985102   0.04830075]
  [ 0.6158883  -0.05367971  0.7860026 ]]

 [[ 0.79762596 -0.01494154  0.6029673 ]
  [-0.06913343  0.9908398   0.11600513]
  [-0.59917724 -0.13421391  0.78928655]]

 [[ 0.99538743  0.07825126  0.05550364]
  [-0.09201956  0.942374    0.32165778]
  [-0.02713507 -0.3252815   0.94522786]]

 [[ 0.89139706  0.34658557 -0.2920441 ]
  [-0.21282423  0.8890039   0.4054355 ]
  [ 0.40014645 -0.29924995  0.86621726]]

 [[ 0.6610515  -0.6106785   0.4359847 ]
  [ 0.5413374   0.7905033   0.28645837]
  [-0.5195813   0.04665106  0.8531465 ]]

 [[ 0.97195405 -0.09121635 -0.21676008]
  [ 0.1359747   0.9700005   0.20151897]
  [ 0.19187556 -0.22534107  0.95519906]]

 [[ 0.61354345  0.26123747  0.7451976 ]
  [-0.25540128  0.9586192  -0.12577534]
  [-0.74721795 -0.11315579  0.6548749 ]]

 [[ 0.9828164  -0.18419279  0.01203551]
  [ 0.17989314  0.94118524 -0.28602254]
  [ 0.04135564  0.28327277  0.9581473 ]]

 [[ 0.9877943   0.15440945  0.02049701]
  [-0.15141024  0.98272955 -0.10638381]
  [-0.03656968  0.10198186  0.9941138 ]]

 [[ 0.98835206  0.13106866 -0.07733729]
  [-0.11156442  0.96964926  0.21756276]
  [ 0.10350573 -0.20640054  0.97297746]]

 [[ 0.9832471  -0.13619383  0.12114649]
  [ 0.1207471   0.98454773  0.1268305 ]
  [-0.13654801 -0.11007763  0.98449874]]]
[ 0.5783486   0.615492   -0.66125965 -0.6689681  -0.21756804  0.03638307
  0.07776558  0.00238523 -0.0007021   0.02555576]