[[[-0.68877286 -0.07534359 -0.7210516 ]
  [-0.25369716 -0.9066514   0.3370773 ]
  [-0.67913896  0.4150984   0.6053624 ]]]
[[[ 0.9395498  -0.32565895 -0.10579447]
  [ 0.20577584  0.29005313  0.9346259 ]
  [-0.27368325 -0.89989746  0.3395321 ]]

 [[ 0.9804855   0.18956898 -0.05207544]
  [-0.12864637  0.8189953   0.559193  ]
  [ 0.14865519 -0.5415813   0.8274004 ]]

 [[ 0.9909544   0.13121583 -0.02813989]
  [-0.10572574  0.6341979  -0.765908  ]
  [-0.08265299  0.76195496  0.6423341 ]]

 [[ 0.9466162   0.3199322   0.03951339]
  [-0.11900248  0.46073097 -0.8795258 ]
  [-0.2995937   0.827871    0.47420812]]

 [[ 0.97231495 -0.14159048  0.18589172]
  [ 0.18057926 -0.04960199 -0.98230886]
  [ 0.14830618  0.98868185 -0.02266045]]

 [[ 0.9922082   0.12415784 -0.01037661]
  [-0.12384736  0.99194604  0.0265494 ]
  [ 0.01358935 -0.02505742  0.9995936 ]]

 [[ 0.953262    0.21244796  0.2148431 ]
  [-0.20821309  0.97716296 -0.04242484]
  [-0.21894978 -0.00429115  0.9757267 ]]

 [[ 0.97449267  0.00193862 -0.22441092]
  [ 0.05579399  0.9664734   0.2506315 ]
  [ 0.21737307 -0.25675935  0.9417131 ]]

 [[ 0.9960535   0.08786463 -0.01253651]
  [-0.08859736  0.9927223  -0.08156607]
  [ 0.0052785   0.08235487  0.99658906]]

 [[ 0.93032384 -0.366119   -0.02131593]
  [ 0.36491805  0.9183547   0.15316486]
  [-0.03650099 -0.1502715   0.9879707 ]]

 [[ 0.9967631   0.06856441 -0.04197742]
  [-0.0566594   0.9695518   0.23824145]
  [ 0.05703417 -0.23509191  0.9702983 ]]

 [[ 0.9977064   0.02771549 -0.06175621]
  [-0.0388968   0.9814071  -0.18795507]
  [ 0.05539872  0.18992607  0.9802342 ]]

 [[ 0.95089644  0.04624373 -0.3060351 ]
  [ 0.00891656  0.984272    0.17643443]
  [ 0.30938077 -0.17049965  0.9355284 ]]

 [[ 0.9052776   0.22741514  0.3588241 ]
  [-0.28511935  0.9514043   0.11634798]
  [-0.3149275  -0.20763493  0.92612547]]

 [[ 0.99739474  0.03819706  0.06119379]
  [-0.05101482  0.97325706  0.22398277]
  [-0.0510018  -0.22652103  0.9726701 ]]

 [[ 0.83349085  0.4448904  -0.32766685]
  [-0.2840824   0.8536901   0.43647507]
  [ 0.47390947 -0.27071357  0.8379284 ]]

 [[ 0.8933605  -0.3020212   0.33270147]
  [ 0.16850093  0.91156256  0.37504837]
  [-0.41655073 -0.27899286  0.86524487]]

 [[ 0.31074694 -0.34068835 -0.88733745]
  [ 0.65870494  0.7502117  -0.05736018]
  [ 0.6852329  -0.56666905  0.45753908]]

 [[ 0.4072202   0.30118927  0.8622394 ]
  [-0.46449474  0.8811505  -0.08842257]
  [-0.78639454 -0.3644982   0.49872312]]

 [[ 0.95449865 -0.2979507   0.01255838]
  [ 0.294695    0.9359431  -0.19278319]
  [ 0.04568596  0.18771218  0.98116106]]

 [[ 0.9755985   0.2154648   0.04221833]
  [-0.20636685  0.96551037 -0.15875284]
  [-0.07496788  0.1461666   0.98641527]]

 [[ 0.9795786   0.18220995 -0.08500141]
  [-0.16958879  0.9758744   0.13750915]
  [ 0.10800624 -0.12028574  0.9868465 ]]

 [[ 0.98796177 -0.12880059  0.08568615]
  [ 0.11832955  0.98596966  0.11773679]
  [-0.09964851 -0.10618023  0.98934126]]]
[ 0.33958367  0.6731445  -0.1300819  -0.55742157 -0.20290667 -0.21789783
  0.14400393  0.09287731 -0.11926818  0.11862402]