[[[-0.42022523 -0.04634872 -0.90623546]
  [ 0.01252688 -0.9988959   0.045279  ]
  [-0.9073334   0.00767507  0.42034185]]]
[[[ 0.9721501  -0.21112068 -0.10174602]
  [ 0.2016633   0.532392    0.8221256 ]
  [-0.11939897 -0.8197479   0.56014025]]

 [[ 0.9922614  -0.10080433  0.07249705]
  [-0.02863134  0.38238117  0.9235609 ]
  [-0.12082046 -0.9184895   0.37653592]]

 [[ 0.99344224  0.0137736  -0.11350239]
  [-0.10644552  0.47378898 -0.8741815 ]
  [ 0.04173556  0.88053066  0.47214812]]

 [[ 0.9859026   0.13986054 -0.09184326]
  [-0.14523053  0.44271243 -0.8848242 ]
  [-0.08309186  0.88568884  0.45678335]]

 [[ 0.93955195 -0.27679878  0.20155534]
  [ 0.10690316 -0.322086   -0.94065523]
  [ 0.3252904   0.9053414  -0.27302587]]

 [[ 0.99684924 -0.02007928 -0.07673541]
  [ 0.02738754  0.9950615   0.09540756]
  [ 0.07444074 -0.09720855  0.9924762 ]]

 [[ 0.96932435  0.09706724  0.22580588]
  [-0.09819897  0.9951472  -0.00624232]
  [-0.22531602 -0.01612307  0.9741523 ]]

 [[ 0.97697407 -0.02224061 -0.21219559]
  [ 0.06430554  0.97899854  0.19345969]
  [ 0.20343651 -0.20265046  0.9578864 ]]

 [[ 0.992433   -0.02177246 -0.12084185]
  [ 0.01971595  0.99964017 -0.01818801]
  [ 0.12119436  0.01566787  0.9925052 ]]

 [[ 0.9778069  -0.20729087  0.03039695]
  [ 0.19922929  0.9648835   0.17119385]
  [-0.06481645 -0.1613386   0.9847682 ]]

 [[ 0.98923117  0.0585587   0.13413626]
  [-0.08603159  0.974076    0.20922388]
  [-0.11840703 -0.21851075  0.96862423]]

 [[ 0.98606944 -0.04780529  0.15931636]
  [ 0.03799131  0.9972208   0.06408859]
  [-0.16193737 -0.05714316  0.98514515]]

 [[ 0.79287195  0.00387542 -0.60937595]
  [ 0.0432157   0.9971045   0.06257011]
  [ 0.60785395 -0.0759447   0.79040873]]

 [[ 0.80672425  0.06224845  0.5876402 ]
  [-0.16863814  0.9773341   0.12798128]
  [-0.5663542  -0.20234416  0.79893655]]

 [[ 0.99901587  0.02916754  0.03341573]
  [-0.03961012  0.925691    0.37620088]
  [-0.0199598  -0.37715423  0.9259353 ]]

 [[ 0.8974292   0.31861752 -0.30512878]
  [-0.18064657  0.896414    0.40473288]
  [ 0.40247673 -0.30809864  0.86202526]]

 [[ 0.71714133 -0.56163985  0.4126366 ]
  [ 0.473164    0.8270802   0.30340427]
  [-0.5116875  -0.02233894  0.8588811 ]]

 [[ 0.97086    -0.09454287 -0.22021012]
  [ 0.13709855  0.972786    0.1867921 ]
  [ 0.19655748 -0.21153946  0.95740074]]

 [[ 0.62186015  0.25841168  0.7392653 ]
  [-0.2631823   0.95804614 -0.11350147]
  [-0.7375805  -0.12397953  0.6637801 ]]

 [[ 0.9802572  -0.197128    0.0153718 ]
  [ 0.19212864  0.931255   -0.30959758]
  [ 0.04671529  0.30643865  0.9507434 ]]

 [[ 0.98469585  0.16736169  0.04862268]
  [-0.15635107  0.9715674  -0.17779554]
  [-0.07699636  0.16747232  0.9828656 ]]

 [[ 0.99087346  0.113884   -0.07211275]
  [-0.09483284  0.9691551   0.22747579]
  [ 0.09579428 -0.21856107  0.97111   ]]

 [[ 0.9831285  -0.12498534  0.13355546]
  [ 0.11096925  0.98797023  0.10770639]
  [-0.14541052 -0.09106867  0.9851712 ]]]
[ 0.5226325   0.57880056 -0.53519624 -0.5415549  -0.19650412  0.01144001
  0.08397594 -0.00286949 -0.039156    0.04597807]