[[[ 0.5287911   0.1712306  -0.83130014]
  [ 0.00599258 -0.9801671  -0.19808221]
  [-0.8487308   0.09976249 -0.5193298 ]]]
[[[ 0.9744773  -0.14701459 -0.1696488 ]
  [ 0.2239489   0.58440274  0.779949  ]
  [-0.01552066 -0.79803526  0.602411  ]]

 [[ 0.95900244  0.15210772  0.23911822]
  [-0.27830237  0.66474897  0.693294  ]
  [-0.05349824 -0.73141783  0.6798278 ]]

 [[ 0.9982896  -0.02669946 -0.05200974]
  [-0.01834379  0.7016462  -0.71228933]
  [ 0.05551018  0.7120251   0.69995636]]

 [[ 0.9962989   0.0470785  -0.07191668]
  [-0.08558498  0.46569625 -0.88079625]
  [-0.00797521  0.88369143  0.46800187]]

 [[ 0.98381025  0.06170915  0.16825388]
  [ 0.11279418  0.51636225 -0.8489096 ]
  [-0.13926545  0.85414404  0.50104207]]

 [[ 0.99186134 -0.1175561  -0.04890464]
  [ 0.11461228  0.9916456  -0.0591866 ]
  [ 0.05545382  0.05309983  0.99704826]]

 [[ 0.98722947  0.15614621  0.03156355]
  [-0.15303308  0.98460954 -0.08440915]
  [-0.04425794  0.07850093  0.9959311 ]]

 [[ 0.98687583 -0.1609942  -0.01253166]
  [ 0.15890567  0.98201203 -0.10198706]
  [ 0.02872556  0.0986572   0.9947068 ]]

 [[ 0.9960677  -0.06772232 -0.05712141]
  [ 0.06488401  0.99663126 -0.05016174]
  [ 0.06032605  0.04625822  0.9971063 ]]

 [[ 0.9494672  -0.27079782  0.15868394]
  [ 0.22543867  0.9401553   0.2555102 ]
  [-0.21837914 -0.20682508  0.95369494]]

 [[ 0.96606374  0.24990202 -0.06534454]
  [-0.22798894  0.943861    0.23905523]
  [ 0.12141655 -0.21604474  0.9688048 ]]

 [[ 0.9946511   0.06910565 -0.07677016]
  [-0.07820465  0.9893642  -0.12264773]
  [ 0.06747801  0.12799548  0.98947656]]

 [[ 0.92961025  0.06318521 -0.36308727]
  [-0.05605329  0.9979722   0.03015631]
  [ 0.36425647 -0.00768138  0.9312669 ]]

 [[ 0.92237383 -0.2267384   0.3127558 ]
  [ 0.23412515  0.97210175  0.01426635]
  [-0.3072652   0.06006509  0.9497264 ]]

 [[ 0.98750407 -0.00496812 -0.1575149 ]
  [ 0.00321694  0.9999302  -0.01137047]
  [ 0.1575604   0.01072167  0.98745114]]

 [[ 0.47755784  0.78594714 -0.3927157 ]
  [-0.741102    0.600425    0.3004292 ]
  [ 0.47191778  0.14757004  0.86920464]]

 [[ 0.54582626 -0.7388227   0.39523998]
  [ 0.80755454  0.58964956 -0.01299973]
  [-0.22344859  0.32627347  0.9184858 ]]

 [[-0.19564979 -0.34284782 -0.91879076]
  [ 0.35748494  0.8474972  -0.39236838]
  [ 0.9131953  -0.4052207  -0.04324972]]

 [[-0.15275338  0.4599496   0.8747072 ]
  [-0.20501438  0.8510917  -0.4833342 ]
  [-0.96676546 -0.2531585  -0.03571085]]

 [[ 0.91888744 -0.3911607  -0.05137288]
  [ 0.39372757  0.91748226  0.05661093]
  [ 0.02498974 -0.07224599  0.99707365]]

 [[ 0.93403673  0.35187438  0.06131746]
  [-0.3540589   0.9347716   0.02905907]
  [-0.04709268 -0.04885223  0.99769527]]

 [[ 0.96481144  0.24468087 -0.09628145]
  [-0.2303342   0.9630802   0.13936484]
  [ 0.12682669 -0.11228388  0.9855492 ]]

 [[ 0.9668667  -0.24366088  0.07614704]
  [ 0.22586524  0.95551986  0.18964927]
  [-0.1189701  -0.16616656  0.9788948 ]]]
[ 3.2941744e-01  5.2468336e-01 -2.3020586e-01 -4.3329003e-01
 -1.8062627e-01 -1.4884558e-02  7.8042969e-02  9.6198380e-02
  8.0377311e-03  3.1995773e-04]