[[[ 0.33780438  0.22144109 -0.9147962 ]
  [ 0.05422602 -0.9748942  -0.21596488]
  [-0.939653    0.02334812 -0.3413314 ]]]
[[[ 0.9431366  -0.32203445 -0.08238465]
  [ 0.29295877  0.6881734   0.66377145]
  [-0.15706235 -0.6501624   0.7433843 ]]

 [[ 0.9749447   0.104951    0.19613272]
  [-0.21127006  0.71284026  0.66874784]
  [-0.06962552 -0.69342923  0.71715283]]

 [[ 0.9887597  -0.0384855  -0.14447553]
  [-0.07417434  0.71274143 -0.6974939 ]
  [ 0.1298171   0.70037025  0.7018754 ]]

 [[ 0.9951314   0.07129397 -0.06804935]
  [-0.0953678   0.5223275  -0.8473955 ]
  [-0.02487013  0.8497595   0.5265836 ]]

 [[ 0.98189086  0.03419723  0.18633513]
  [ 0.12074273  0.64495873 -0.75461864]
  [-0.14598434  0.7634519   0.62915003]]

 [[ 0.98000014 -0.13162583 -0.14924519]
  [ 0.12724581  0.99112105 -0.03856876]
  [ 0.15299669  0.01880657  0.9880476 ]]

 [[ 0.9694392   0.17912161  0.16763933]
  [-0.16418566  0.9814303  -0.09918495]
  [-0.18229248  0.06862982  0.9808462 ]]

 [[ 0.98112303 -0.16374235 -0.10288855]
  [ 0.15496072  0.9839693  -0.08826958]
  [ 0.11569265  0.07065963  0.99076855]]

 [[ 0.98495483 -0.07554197 -0.15542682]
  [ 0.06627343  0.99574804 -0.0639815 ]
  [ 0.15959924  0.05271821  0.98577327]]

 [[ 0.9703288  -0.22722174  0.08265778]
  [ 0.20581427  0.9556084   0.21083905]
  [-0.12689568 -0.18757103  0.9740199 ]]

 [[ 0.97320557  0.22923152 -0.01799338]
  [-0.22277269  0.9593742   0.17312853]
  [ 0.0569489  -0.16448122  0.98473483]]

 [[ 0.9935898   0.0899271   0.06850133]
  [-0.06638224  0.9546161  -0.29034707]
  [-0.09150255  0.2839386   0.9544664 ]]

 [[ 0.87771636 -0.0199632  -0.47876447]
  [ 0.04244375  0.9984436   0.03617948]
  [ 0.47729704 -0.05207589  0.8771976 ]]

 [[ 0.97097445 -0.1366427   0.19630931]
  [ 0.12517077  0.9896795   0.06976169]
  [-0.20381574 -0.04316464  0.9780572 ]]

 [[ 0.99674803  0.04061892 -0.06959546]
  [-0.04459604  0.9974016  -0.05657912]
  [ 0.06711644  0.0594988   0.99596953]]

 [[ 0.7013272   0.55571127 -0.44645852]
  [-0.34211338  0.8118613   0.473117  ]
  [ 0.62537885 -0.17907035  0.7594966 ]]

 [[ 0.63804734 -0.7494154   0.17683953]
  [ 0.7589703   0.6508276   0.01968581]
  [-0.12984489  0.12165547  0.9840429 ]]

 [[ 0.5645335  -0.21151468 -0.79784936]
  [ 0.46259707  0.8816141   0.09359813]
  [ 0.6835978  -0.42192203  0.5955467 ]]

 [[ 0.3205549   0.40424678  0.85663825]
  [-0.47598684  0.8506319  -0.22329766]
  [-0.81895125 -0.33616936  0.46509036]]

 [[ 0.96841544 -0.24702796  0.03389312]
  [ 0.2490917   0.96455526 -0.08710068]
  [-0.01117549  0.09279213  0.9956228 ]]

 [[ 0.98032916  0.19625424  0.02095238]
  [-0.1971904   0.9693831   0.14632948]
  [ 0.00840689 -0.14758267  0.98901397]]

 [[ 0.985028    0.15351309 -0.07844436]
  [-0.14223462  0.98080736  0.1333646 ]
  [ 0.09741203 -0.12021036  0.9879576 ]]

 [[ 0.9745823  -0.20030366  0.10033877]
  [ 0.18476056  0.9719279   0.14567001]
  [-0.12670028 -0.12342876  0.98423195]]]
[ 0.3789997   0.48433453 -0.39358675 -0.5462315  -0.21269518  0.03234128
  0.04932004  0.0454144   0.04279868  0.03089973]