[[[-0.5523093  -0.06590997 -0.8310298 ]
  [-0.20175162 -0.95666766  0.20996027]
  [-0.80885774  0.2836246   0.51507896]]]
[[[ 0.96977216 -0.22441734 -0.09580638]
  [ 0.17589961  0.37081346  0.9118974 ]
  [-0.16911927 -0.901185    0.3990795 ]]

 [[ 0.9979749  -0.06117251 -0.01743601]
  [ 0.05216275  0.63017637  0.77469784]
  [-0.03640245 -0.77403855  0.6320911 ]]

 [[ 0.98685384  0.1247417  -0.10275694]
  [-0.15627669  0.5744682  -0.8034699 ]
  [-0.0411956   0.80896586  0.58641034]]

 [[ 0.96465284  0.2630706  -0.01544965]
  [-0.13066791  0.42658666 -0.8949579 ]
  [-0.22884646  0.86534256  0.44588292]]

 [[ 0.9391627  -0.2580641   0.22666353]
  [ 0.13602915 -0.3265001  -0.93535745]
  [ 0.31538787  0.9092857  -0.27153245]]

 [[ 0.99644935  0.04156826 -0.07321785]
  [-0.03637819  0.99682367  0.07084623]
  [ 0.07593024 -0.06793114  0.99479645]]

 [[ 0.9661712   0.14480317  0.21341328]
  [-0.13616498  0.98917407 -0.05471478]
  [-0.21902578  0.02380443  0.97542864]]

 [[ 0.98029566 -0.00291684 -0.1975145 ]
  [ 0.0485427   0.972787    0.22655918]
  [ 0.1914787  -0.23168285  0.9537605 ]]

 [[ 0.99549544  0.01517024 -0.09358807]
  [-0.02135263  0.9976296  -0.06541602]
  [ 0.09237386  0.0671197   0.99345964]]

 [[ 0.9556686  -0.29363608 -0.02180206]
  [ 0.2924817   0.9381573   0.18524387]
  [-0.03394053 -0.18340845  0.9824507 ]]

 [[ 0.99735165  0.05016596  0.0526593 ]
  [-0.06148638  0.9683075   0.24207434]
  [-0.0388465  -0.24467109  0.9688276 ]]

 [[ 0.9988582   0.03455201  0.03299231]
  [-0.03330511  0.99873686 -0.03762347]
  [-0.03425059  0.03648169  0.9987473 ]]

 [[ 0.83659714 -0.04574106 -0.5459056 ]
  [ 0.10589933  0.9912148   0.07923691]
  [ 0.53748536 -0.12410042  0.8340914 ]]

 [[ 0.8525262   0.167438    0.49514005]
  [-0.26491863  0.9550297   0.13317804]
  [-0.45057437 -0.24470957  0.8585453 ]]

 [[ 0.9980287   0.06227745  0.00776287]
  [-0.06130688  0.9409856   0.3328477 ]
  [ 0.01342416 -0.3326675   0.9429487 ]]

 [[ 0.8400349   0.36554536 -0.40089646]
  [-0.18908341  0.88986593  0.41519386]
  [ 0.5085164  -0.27297443  0.81663704]]

 [[ 0.8199331  -0.45340067  0.34948182]
  [ 0.35326687  0.88113546  0.314329  ]
  [-0.45045784 -0.13426839  0.8826436 ]]

 [[ 0.67042935 -0.22853726 -0.70590025]
  [ 0.40439692  0.9102042   0.08939507]
  [ 0.62208325 -0.34539697  0.7026473 ]]

 [[ 0.4778954   0.30100128  0.8252358 ]
  [-0.37629372  0.9190443  -0.11730522]
  [-0.79373735 -0.25447145  0.55247194]]

 [[ 0.95757526 -0.2881598  -0.00369096]
  [ 0.27735892  0.9250093  -0.25967273]
  [ 0.0782414   0.24763244  0.9656897 ]]

 [[ 0.97477794  0.20517984  0.08780221]
  [-0.19073838  0.9701778  -0.14957899]
  [-0.11587434  0.12905903  0.9848436 ]]

 [[ 0.9885301   0.12639482 -0.08265927]
  [-0.11123623  0.97956413  0.16757298]
  [ 0.1021504  -0.15645623  0.9823883 ]]

 [[ 0.9874406  -0.11966546  0.10315598]
  [ 0.1103501   0.98965037  0.09173299]
  [-0.11306563 -0.07919761  0.99042606]]]
[ 0.3672312   0.7068777  -0.3319785  -0.47057113 -0.2359873  -0.15100071
  0.14924896  0.09681126 -0.12686273  0.16412108]