[[[-0.2409709   0.03091112 -0.97003996]
  [ 0.0853166  -0.9949486  -0.05289864]
  [-0.9667751  -0.09550755  0.23711643]]]
[[[ 0.9718472  -0.22569163 -0.06764801]
  [ 0.20286398  0.65551347  0.7274258 ]
  [-0.11982972 -0.7206701   0.6828436 ]]

 [[ 0.97435445 -0.10969354  0.19647075]
  [-0.14838594  0.34316078  0.9274817 ]
  [-0.1691598  -0.9328494   0.31808326]]

 [[ 0.9915629  -0.04947819 -0.11981244]
  [-0.07969289  0.49629655 -0.86448765]
  [ 0.10223578  0.86674196  0.48816618]]

 [[ 0.99078983  0.07589571 -0.11214036]
  [-0.13497478  0.48727238 -0.8627557 ]
  [-0.01083657  0.86994565  0.49302852]]

 [[ 0.96933275 -0.15442227  0.1911745 ]
  [ 0.15977146 -0.19508283 -0.96768576]
  [ 0.1867271   0.96855384 -0.1644279 ]]

 [[ 0.99476874 -0.07275861 -0.07170302]
  [ 0.07679248  0.9955177   0.05520372]
  [ 0.06736507 -0.06042119  0.9958972 ]]

 [[ 0.96860933  0.08236998  0.23454466]
  [-0.08617146  0.9962623   0.00598763]
  [-0.23317482 -0.02601073  0.9720869 ]]

 [[ 0.98503566 -0.03396775 -0.16897012]
  [ 0.05937475  0.9872532   0.147668  ]
  [ 0.16180034 -0.15549082  0.9744964 ]]

 [[ 0.99025637 -0.05565606 -0.12765108]
  [ 0.05376866  0.9983878  -0.01818687]
  [ 0.12845749  0.01114604  0.9916524 ]]

 [[ 0.97933185 -0.19339782  0.05921494]
  [ 0.1814659   0.9694471   0.165053  ]
  [-0.08932664 -0.15089616  0.98450553]]

 [[ 0.9948096   0.0680253   0.07567272]
  [-0.08242498  0.9748016   0.2072873 ]
  [-0.0596651  -0.21244872  0.975349  ]]

 [[ 0.9721431   0.03201837  0.2321908 ]
  [-0.02176307  0.9986767  -0.04659612]
  [-0.23337547  0.04024492  0.9715535 ]]

 [[ 0.79972994  0.02414288 -0.59987426]
  [ 0.01590803  0.9979881   0.0613736 ]
  [ 0.60014904 -0.05862514  0.7977369 ]]

 [[ 0.82334757 -0.00799773  0.56748116]
  [-0.07038926  0.99074143  0.1160893 ]
  [-0.5631556  -0.1355264   0.8151616 ]]

 [[ 0.9881351   0.09524632  0.12048711]
  [-0.1281581   0.94366825  0.30506665]
  [-0.08464339 -0.31688848  0.9446783 ]]

 [[ 0.8705722   0.3924117  -0.2968453 ]
  [-0.2574268   0.8773839   0.40488142]
  [ 0.4193275  -0.27606258  0.8648433 ]]

 [[ 0.658797   -0.6126281   0.4366615 ]
  [ 0.5542542   0.7877061   0.2689266 ]
  [-0.5087129   0.0648534   0.8584901 ]]

 [[ 0.95402133 -0.1258083  -0.27205813]
  [ 0.18524498  0.96103287  0.20518316]
  [ 0.23564306 -0.2461465   0.9401512 ]]

 [[ 0.60794586  0.2598682   0.7502469 ]
  [-0.27186677  0.95593363 -0.11081215]
  [-0.74598277 -0.13659942  0.6518054 ]]

 [[ 0.97975415 -0.19890895  0.02273755]
  [ 0.19801469  0.9460177  -0.25659454]
  [ 0.02952883  0.25590193  0.9662517 ]]

 [[ 0.98888165  0.14851642  0.00747545]
  [-0.14748037  0.9859385  -0.07857932]
  [-0.01904066  0.07660317  0.99687976]]

 [[ 0.9887978   0.13377936 -0.06619691]
  [-0.1165373   0.969048    0.21763529]
  [ 0.09326308 -0.20748287  0.97378284]]

 [[ 0.9822931  -0.1462529   0.11709067]
  [ 0.13118277  0.98312896  0.12746969]
  [-0.13375804 -0.10985233  0.9849067 ]]]
[ 0.6250005   0.5917221  -0.67409384 -0.7287469  -0.27941585  0.07028028
  0.07620846  0.00311509  0.01882215  0.02178377]