[[[-0.21008125  0.03347619 -0.9771106 ]
  [ 0.10942927 -0.9923286  -0.05752514]
  [-0.9715406  -0.11900946  0.20480636]]]
[[[ 0.9716709  -0.22679041 -0.06649679]
  [ 0.20656693  0.67825586  0.70519453]
  [-0.1148295  -0.698953    0.70588887]]

 [[ 0.9783902  -0.11523755  0.17167695]
  [-0.12390991  0.3379104   0.93298596]
  [-0.16552643 -0.93409675  0.31632918]]

 [[ 0.99138683 -0.04452271 -0.12316631]
  [-0.08405393  0.5048974  -0.85907704]
  [ 0.1004348   0.86203027  0.49680635]]

 [[ 0.9920975   0.05807753 -0.11121857]
  [-0.12511253  0.52472687 -0.8420265 ]
  [ 0.00945655  0.84928715  0.52784646]]

 [[ 0.96360344 -0.18983226  0.18823402]
  [ 0.15582566 -0.17329396 -0.9724646 ]
  [ 0.21722504  0.966402   -0.13740592]]

 [[ 0.9945147  -0.0743278  -0.07359256]
  [ 0.07874507  0.9951439   0.05905856]
  [ 0.06884549 -0.06452966  0.9955382 ]]

 [[ 0.9684195   0.08312077  0.23506321]
  [-0.08606212  0.9962872   0.00226342]
  [-0.23400232 -0.02242197  0.97197753]]

 [[ 0.983689   -0.04244541 -0.17479795]
  [ 0.06639886  0.98881453  0.13355514]
  [ 0.16717395 -0.14298311  0.97550434]]

 [[ 0.98943967 -0.06462271 -0.12974243]
  [ 0.06282803  0.9978641  -0.01788266]
  [ 0.13062096  0.00954235  0.9913865 ]]

 [[ 0.9797897  -0.1913974   0.05813208]
  [ 0.17975242  0.96996033  0.16390838]
  [-0.08775745 -0.15014634  0.98476124]]

 [[ 0.9927688   0.08751036  0.08217019]
  [-0.10247239  0.9743417   0.20039383]
  [-0.0625253  -0.20736493  0.97626346]]

 [[ 0.9719013   0.02817344  0.23369674]
  [-0.01908175  0.99897385 -0.04107441]
  [-0.23461415  0.03546093  0.97144157]]

 [[ 0.81231564  0.0425485  -0.58166397]
  [-0.00470551  0.9977809   0.06641588]
  [ 0.58319914 -0.05121362  0.81071323]]

 [[ 0.84921914 -0.02085628  0.5276286 ]
  [-0.05580804  0.9900783   0.12895924]
  [-0.52508324 -0.13896054  0.8396295 ]]

 [[ 0.9898348   0.08374648  0.11495025]
  [-0.1145172   0.9486098   0.29500043]
  [-0.08433769 -0.30516547  0.94855744]]

 [[ 0.8672182   0.40386772 -0.29124475]
  [-0.26823363  0.87170774  0.41009325]
  [ 0.41950366 -0.2775187   0.8642917 ]]

 [[ 0.69412905 -0.59295374  0.40815523]
  [ 0.53654593  0.8041694   0.25579277]
  [-0.47989926  0.04144086  0.87634426]]

 [[ 0.94616395 -0.14167637 -0.29103532]
  [ 0.21278304  0.9497875   0.2294059 ]
  [ 0.24392033 -0.27898297  0.928801  ]]

 [[ 0.5341404   0.2933808   0.7928567 ]
  [-0.33098313  0.9355591  -0.12320461]
  [-0.7779101  -0.19661362  0.596824  ]]

 [[ 0.9789962  -0.20239666  0.02453406]
  [ 0.20213655  0.94788396 -0.24628599]
  [ 0.02659202  0.2460723   0.96888655]]

 [[ 0.9879244   0.1537498   0.01913865]
  [-0.15180972  0.98526514 -0.07878035]
  [-0.03096911  0.0749236   0.99670815]]

 [[ 0.98764634  0.14166217 -0.06698217]
  [-0.12460332  0.96918637  0.21248953]
  [ 0.09501993 -0.2015183   0.97486496]]

 [[ 0.98029524 -0.15551837  0.12180052]
  [ 0.1410906   0.98278266  0.11929616]
  [-0.13825619 -0.09976053  0.9853594 ]]]
[ 0.6340187   0.608992   -0.6678057  -0.7229408  -0.2898389   0.06090275
  0.0545882   0.01435599  0.02460514  0.02022082]