[[[ 0.56040317  0.20196393 -0.8032179 ]
  [ 0.10836948 -0.9793554  -0.17064343]
  [-0.82109946  0.00858482 -0.5707206 ]]]
[[[ 9.68517542e-01 -1.22989476e-01 -2.16442466e-01]
  [ 2.47910738e-01  5.55681407e-01  7.93573201e-01]
  [ 2.26718802e-02 -8.22248042e-01  5.68677604e-01]]

 [[ 9.69733536e-01  1.55053422e-01  1.88613996e-01]
  [-2.44026840e-01  6.41496778e-01  7.27277577e-01]
  [-8.22841469e-03 -7.51292348e-01  6.59918129e-01]]

 [[ 9.99034107e-01  2.83895619e-02 -3.35403495e-02]
  [-4.39377241e-02  6.34405971e-01 -7.71750391e-01]
  [-6.31458999e-04  7.72478580e-01  6.35040581e-01]]

 [[ 9.95484531e-01 -2.21100487e-02 -9.23123360e-02]
  [-7.39818066e-02  4.28591937e-01 -9.00463939e-01]
  [ 5.94736636e-02  9.03227508e-01  4.25020903e-01]]

 [[ 9.91380692e-01 -4.24871966e-02  1.23932250e-01]
  [ 1.29357710e-01  4.67329532e-01 -8.74568284e-01]
  [-2.07592454e-02  8.83061707e-01  4.68797535e-01]]

 [[ 9.90165532e-01 -1.35909110e-01 -3.31771411e-02]
  [ 1.32983774e-01  9.88007367e-01 -7.84649402e-02]
  [ 4.34433632e-02  7.32812732e-02  9.96364534e-01]]

 [[ 9.90890503e-01  1.32708460e-01  2.29038522e-02]
  [-1.31696835e-01  9.90436137e-01 -4.11356054e-02]
  [-2.81438474e-02  3.77445109e-02  9.98891056e-01]]

 [[ 9.90388095e-01 -1.33445933e-01 -3.63812298e-02]
  [ 1.30669072e-01  9.88933444e-01 -7.02579096e-02]
  [ 4.53542508e-02  6.48287013e-02  9.96865153e-01]]

 [[ 9.94255602e-01 -9.89839882e-02 -4.07189541e-02]
  [ 9.74007100e-02  9.94473338e-01 -3.91894095e-02]
  [ 4.43730429e-02  3.49982306e-02  9.98401821e-01]]

 [[ 9.49600995e-01 -2.59334177e-01  1.76078498e-01]
  [ 2.14228511e-01  9.46989238e-01  2.39410594e-01]
  [-2.28831813e-01 -1.89623535e-01  9.54818726e-01]]

 [[ 9.74072814e-01  2.11279362e-01 -8.08900073e-02]
  [-1.89359412e-01  9.57056463e-01  2.19513133e-01]
  [ 1.23794891e-01 -1.98504493e-01  9.72250402e-01]]

 [[ 9.98134494e-01  2.75216382e-02 -5.44986948e-02]
  [-3.53928357e-02  9.88175094e-01 -1.49189174e-01]
  [ 4.97483164e-02  1.50839716e-01  9.87305701e-01]]

 [[ 9.40167844e-01  1.15292504e-01 -3.20611835e-01]
  [-1.13501661e-01  9.93239701e-01  2.43362207e-02]
  [ 3.21250200e-01  1.35098426e-02  9.46897924e-01]]

 [[ 8.96327972e-01 -3.41759652e-01  2.82482713e-01]
  [ 3.35945398e-01  9.39248562e-01  7.03760833e-02]
  [-2.89373189e-01  3.18187103e-02  9.56687331e-01]]

 [[ 9.82040346e-01 -3.78517844e-02 -1.84835076e-01]
  [ 4.11028937e-02  9.99059737e-01  1.37879681e-02]
  [ 1.84139401e-01 -2.11375970e-02  9.82672811e-01]]

 [[ 4.88255501e-01  7.84878194e-01 -3.81540000e-01]
  [-7.67935038e-01  5.94099998e-01  2.39418074e-01]
  [ 4.14586902e-01  1.76100716e-01  8.92808080e-01]]

 [[ 5.21091223e-01 -7.60132432e-01  3.88152838e-01]
  [ 7.94979930e-01  5.97764075e-01  1.03368551e-01]
  [-3.10597599e-01  2.54709244e-01  9.15779650e-01]]

 [[-2.77024388e-01 -4.11048770e-01 -8.68502378e-01]
  [ 2.94849813e-01  8.23904395e-01 -4.83988822e-01]
  [ 9.14505899e-01 -3.90154481e-01 -1.07043952e-01]]

 [[-3.98749292e-01  4.73555535e-01  7.85330594e-01]
  [-2.98291683e-01  7.42813766e-01 -5.99374533e-01]
  [-8.67191494e-01 -4.73257780e-01 -1.54938787e-01]]

 [[ 9.32308733e-01 -3.59629959e-01 -3.82985100e-02]
  [ 3.61387610e-01  9.30494905e-01  5.98178096e-02]
  [ 1.41242929e-02 -6.96092695e-02  9.97474313e-01]]

 [[ 9.16232705e-01  3.97067696e-01  5.34308851e-02]
  [-3.98389012e-01  9.17069256e-01  1.64417531e-02]
  [-4.24713269e-02 -3.63507494e-02  9.98436272e-01]]

 [[ 9.63837862e-01  2.47574449e-01 -9.86070558e-02]
  [-2.30698064e-01  9.60389674e-01  1.56301245e-01]
  [ 1.33397385e-01 -1.27900615e-01  9.82774854e-01]]

 [[ 9.61941898e-01 -2.64791459e-01  6.74786270e-02]
  [ 2.51062125e-01  9.53929305e-01  1.64276317e-01]
  [-1.07868798e-01 -1.41082928e-01  9.84103680e-01]]]
[ 0.3579452   0.5736348  -0.26093733 -0.55147326 -0.20080984 -0.03928425
  0.02619213  0.10378909 -0.00211243 -0.03422457]