[[[-0.8487146  -0.05039142 -0.52644485]
  [-0.14704812 -0.93370956  0.3264403 ]
  [-0.5079964   0.35446742  0.78504294]]]
[[[ 8.12110245e-01 -5.41957438e-01 -2.16238573e-01]
  [ 3.69857371e-01  1.91478342e-01  9.09143329e-01]
  [-4.51311946e-01 -8.18302035e-01  3.55948478e-01]]

 [[ 7.41573334e-01  6.52799726e-01 -1.54665753e-01]
  [-5.84732115e-01  7.41960704e-01  3.27997953e-01]
  [ 3.28872919e-01 -1.52796507e-01  9.31931257e-01]]

 [[ 9.96735752e-01 -9.42941755e-03  8.01810995e-02]
  [ 6.08497187e-02  7.40452826e-01 -6.69348240e-01]
  [-5.30587696e-02  6.72042251e-01  7.38609552e-01]]

 [[ 9.45997059e-01  3.17059427e-01  6.75493479e-02]
  [-8.61662626e-02  4.46805298e-01 -8.90472114e-01]
  [-3.12513977e-01  8.36563468e-01  4.49996322e-01]]

 [[ 9.30572271e-01  1.12703644e-01  3.48329097e-01]
  [ 4.07065414e-02  9.13686216e-01 -4.04376596e-01]
  [-3.63838226e-01  3.90480906e-01  8.45663309e-01]]

 [[ 9.94349420e-01  1.05982706e-01 -6.07762067e-03]
  [-1.06156766e-01  9.92646158e-01 -5.81749044e-02]
  [-1.32608344e-04  5.84913604e-02  9.98287916e-01]]

 [[ 9.34184015e-01  3.34761351e-01  1.23430483e-01]
  [-3.36356342e-01  9.41698134e-01 -8.30789097e-03]
  [-1.19015418e-01 -3.37555222e-02  9.92318451e-01]]

 [[ 9.56414998e-01 -2.17489481e-01 -1.94855064e-01]
  [ 2.40611076e-01  9.65049922e-01  1.03850789e-01]
  [ 1.65458396e-01 -1.46208763e-01  9.75318611e-01]]

 [[ 9.91074383e-01  1.20148443e-01  5.77572249e-02]
  [-1.19799823e-01  9.92752850e-01 -9.47368331e-03]
  [-5.84768988e-02  2.46981927e-03  9.98285651e-01]]

 [[ 8.70168149e-01 -4.76092875e-01  1.27054825e-01]
  [ 4.58601773e-01  8.76794517e-01  1.44622609e-01]
  [-1.80254787e-01 -6.75784126e-02  9.81295705e-01]]

 [[ 9.31558192e-01  3.23123991e-01 -1.66703731e-01]
  [-2.88527250e-01  9.35953379e-01  2.01849595e-01]
  [ 2.21249387e-01 -1.39936090e-01  9.65125084e-01]]

 [[ 9.96102452e-01  2.38226186e-02 -8.49253759e-02]
  [-3.58434245e-02  9.89078581e-01 -1.42964154e-01]
  [ 8.05920959e-02  1.45450965e-01  9.86077487e-01]]

 [[ 9.48102891e-01  3.06183577e-01 -8.57462883e-02]
  [-2.98679620e-01  9.50092793e-01  9.00778398e-02]
  [ 1.09047309e-01 -5.97923957e-02  9.92236495e-01]]

 [[ 9.47046816e-01  9.89346132e-02  3.05473924e-01]
  [-1.36597961e-01  9.85105753e-01  1.04439639e-01]
  [-2.90591419e-01 -1.40636325e-01  9.46455538e-01]]

 [[ 9.83433485e-01  1.11199342e-01  1.43154889e-01]
  [-1.13726377e-01  9.93466079e-01  9.56701580e-03]
  [-1.41155675e-01 -2.56890114e-02  9.89654124e-01]]

 [[ 6.82515204e-01  7.03752458e-01 -1.97244912e-01]
  [-6.62921846e-01  7.09727228e-01  2.38373607e-01]
  [ 3.07746053e-01 -3.19356583e-02  9.50932503e-01]]

 [[ 7.58232951e-01 -3.16420615e-01  5.70053220e-01]
  [ 8.75044316e-02  9.15814459e-01  3.91952544e-01]
  [-6.46084905e-01 -2.47309163e-01  7.22088933e-01]]

 [[ 2.76824027e-01 -3.77982408e-01 -8.83457780e-01]
  [ 5.67213058e-01  8.06402862e-01 -1.67283460e-01]
  [ 7.75653124e-01 -4.54800755e-01  4.37628239e-01]]

 [[ 3.61403018e-01  2.18029931e-01  9.06559765e-01]
  [-5.19216657e-01  8.54641378e-01  1.44400110e-03]
  [-7.74468720e-01 -4.71222878e-01  4.22074735e-01]]

 [[ 9.86776710e-01 -1.61595970e-01  1.25865340e-02]
  [ 1.60531506e-01  9.85092342e-01  6.18279018e-02]
  [-2.23900378e-02 -5.89898005e-02  9.98007417e-01]]

 [[ 9.73240674e-01  2.28817984e-01 -2.10931487e-02]
  [-2.29785994e-01  9.69521165e-01 -8.50120261e-02]
  [ 9.97972675e-04  8.75840709e-02  9.96156573e-01]]

 [[ 9.78945255e-01  1.81739926e-01 -9.29342359e-02]
  [-1.69210523e-01  9.77166653e-01  1.28503352e-01]
  [ 1.14166431e-01 -1.10072300e-01  9.87344980e-01]]

 [[ 9.86846387e-01 -1.53184965e-01  5.16577363e-02]
  [ 1.41938135e-01  9.73977864e-01  1.76693901e-01]
  [-7.73803368e-02 -1.67037547e-01  9.82909322e-01]]]
[ 0.40423334  0.67459    -0.12349828 -0.748549   -0.14214224 -0.20002541
  0.15773386  0.13565303 -0.10630813 -0.00484279]