[[[-0.06191317  0.09773539 -0.99328476]
  [ 0.14098711 -0.98435855 -0.10564506]
  [-0.9880736  -0.14658117  0.04716532]]]
[[[ 0.9638535  -0.26356307  0.03899953]
  [ 0.21003048  0.8416904   0.497438  ]
  [-0.1639318  -0.4712663   0.8666225 ]]

 [[ 0.9730081   0.00289644  0.23075284]
  [-0.22018316  0.31105396  0.9245349 ]
  [-0.06909873 -0.95038784  0.30329576]]

 [[ 0.9844963  -0.08465257 -0.15362659]
  [-0.07362845  0.5954988  -0.79997504]
  [ 0.1592044   0.7988836   0.58003354]]

 [[ 0.9920072   0.01246237 -0.12556435]
  [-0.09330573  0.7423609  -0.66347146]
  [ 0.08494562  0.6698843   0.73759013]]

 [[ 0.96255445 -0.22638644  0.14912431]
  [ 0.1369399  -0.06869543 -0.98819447]
  [ 0.233958    0.9716121  -0.03512176]]

 [[ 0.9926247  -0.09716486 -0.0724931 ]
  [ 0.0989761   0.9948506   0.02181708]
  [ 0.06999996 -0.02883125  0.9971303 ]]

 [[ 0.97184086  0.10591106  0.21049531]
  [-0.10636184  0.99428475 -0.00921166]
  [-0.21026792 -0.0134364   0.97755146]]

 [[ 0.98002684 -0.128846   -0.15147978]
  [ 0.1366044   0.9897377   0.04193438]
  [ 0.14452218 -0.06178962  0.9875704 ]]

 [[ 0.98745996 -0.06069308 -0.14573652]
  [ 0.05787713  0.99804735 -0.02348905]
  [ 0.14687757  0.01475969  0.98904455]]

 [[ 0.9759472  -0.1961462   0.09515066]
  [ 0.17817317  0.96914566  0.1703261 ]
  [-0.12562367 -0.149276    0.980783  ]]

 [[ 0.9822548   0.17603971  0.0646954 ]
  [-0.185026    0.9659671   0.18075633]
  [-0.03067333 -0.1895191   0.98139775]]

 [[ 0.9792867   0.01186359  0.20213069]
  [ 0.00422581  0.9968671  -0.07898208]
  [-0.20243444  0.07820027  0.9761686 ]]

 [[ 0.8382783   0.11808494 -0.532302  ]
  [-0.09358624  0.99293935  0.0728907 ]
  [ 0.5371509  -0.01128655  0.8434106 ]]

 [[ 0.8999162  -0.11758156  0.41991115]
  [ 0.07072499  0.9895666   0.12552235]
  [-0.43028918 -0.08326139  0.898843  ]]

 [[ 0.99438155  0.07866883  0.07082652]
  [-0.08587085  0.99074125  0.10515729]
  [-0.06189814 -0.11064842  0.9919302 ]]

 [[ 0.8405796   0.43070602 -0.32850894]
  [-0.26972002  0.85872257  0.4357138 ]
  [ 0.46976268 -0.27764672  0.83799475]]

 [[ 0.7081212  -0.59271365  0.38373804]
  [ 0.57787454  0.79877263  0.1674013 ]
  [-0.4057405   0.10321206  0.908142  ]]

 [[ 0.88025516 -0.18183738 -0.43827608]
  [ 0.32278976  0.9064798   0.27221534]
  [ 0.3477895  -0.38109002  0.8566288 ]]

 [[ 0.41306183  0.29869834  0.86032516]
  [-0.35491738  0.9227889  -0.14998129]
  [-0.83869755 -0.2433928   0.4871821 ]]

 [[ 0.9773446  -0.2094475   0.03048388]
  [ 0.21127577  0.9568162  -0.19966295]
  [ 0.01265143  0.20158002  0.9793903 ]]

 [[ 0.9907576   0.12977071  0.03948342]
  [-0.12846898  0.99113387 -0.0339014 ]
  [-0.04353277  0.02851568  0.9986449 ]]

 [[ 0.9839771   0.16591972 -0.06526648]
  [-0.15053713  0.96927494  0.19453697]
  [ 0.09553869 -0.1815949   0.9787214 ]]

 [[ 0.9737194  -0.17397535  0.14698023]
  [ 0.15906154  0.9813607   0.10784619]
  [-0.16300318 -0.08163302  0.98324275]]]
[ 0.5151508   0.7334796  -0.68263197 -0.7279278  -0.27901518 -0.03385194
  0.03931746  0.07004368  0.04017641  0.06349707]