[[[ 0.19695047  0.19702695 -0.9604118 ]
  [ 0.05579858 -0.9802636  -0.18965696]
  [-0.97882426 -0.01623658 -0.2040572 ]]]
[[[ 0.93645835 -0.35062128 -0.01050842]
  [ 0.2887687   0.75355947  0.59055966]
  [-0.1991441  -0.556069    0.80692554]]

 [[ 0.98024106 -0.00198453  0.19779657]
  [-0.17001979  0.50261384  0.8476276 ]
  [-0.10109743 -0.86450875  0.4923453 ]]

 [[ 0.98422086 -0.04368782 -0.17146637]
  [-0.10838798  0.61710393 -0.7793809 ]
  [ 0.13986205  0.78566784  0.60263133]]

 [[ 0.99509895  0.03368541 -0.09296958]
  [-0.09523105  0.57965004 -0.80928165]
  [ 0.02662886  0.81416893  0.58001703]]

 [[ 0.9788703  -0.15022439  0.13872837]
  [ 0.17418772  0.2572357  -0.95052004]
  [ 0.10710543  0.95460063  0.27796763]]

 [[ 0.98098975 -0.14761677 -0.12596968]
  [ 0.15041068  0.9885393   0.01291063]
  [ 0.12262016 -0.03161238  0.99195004]]

 [[ 0.9632388   0.14238203  0.22781235]
  [-0.13696903  0.9897882  -0.03948068]
  [-0.23110734  0.00682609  0.97290426]]

 [[ 0.97756636 -0.13706295 -0.15993042]
  [ 0.13440634  0.9905484  -0.02736432]
  [ 0.16216946  0.00525478  0.9867489 ]]

 [[ 0.98027617 -0.09671643 -0.17235003]
  [ 0.0937044   0.9952723  -0.02554673]
  [ 0.17400599  0.00889289  0.98470443]]

 [[ 0.97516906 -0.21795963  0.03922876]
  [ 0.2069717   0.95997345  0.18871558]
  [-0.07879096 -0.17591035  0.9812479 ]]

 [[ 0.98331213  0.17977937  0.02786752]
  [-0.18191582  0.9699979   0.16127832]
  [ 0.00196308 -0.16365649  0.9865154 ]]

 [[ 0.9898218   0.04776286  0.13405795]
  [-0.02270615  0.98293376 -0.18255304]
  [-0.14048935  0.17765103  0.97401375]]

 [[ 0.82556766 -0.01241684 -0.56416655]
  [ 0.0416593   0.9983709   0.03898841]
  [ 0.56276333 -0.05569035  0.82474   ]]

 [[ 0.9374064  -0.09309706  0.33556235]
  [ 0.05382387  0.9907571   0.12451259]
  [-0.34405252 -0.09865765  0.9337529 ]]

 [[ 0.99752665  0.04490681 -0.05407426]
  [-0.0394049   0.9943233   0.09883523]
  [ 0.05820567 -0.09645998  0.99363357]]

 [[ 0.8089546   0.41445822 -0.41691348]
  [-0.21037824  0.8663239   0.45301634]
  [ 0.5489385  -0.2787601   0.7880097 ]]

 [[ 0.759571   -0.6169211   0.2060589 ]
  [ 0.6033988   0.78662974  0.13085708]
  [-0.24282055  0.02494044  0.9697506 ]]

 [[ 0.8737234  -0.16209047 -0.4586221 ]
  [ 0.29103166  0.92966735  0.22587429]
  [ 0.3897539  -0.33082515  0.8594456 ]]

 [[ 0.49363112  0.35660806  0.7931955 ]
  [-0.456735    0.88246083 -0.11249944]
  [-0.7400821  -0.30674687  0.5984855 ]]

 [[ 0.98048717 -0.19582213  0.0172797 ]
  [ 0.19503178  0.9579638  -0.21039939]
  [ 0.02464753  0.209664    0.97746277]]

 [[ 0.98703545  0.15849498  0.02530722]
  [-0.15895472  0.9871341   0.01731259]
  [-0.02223766 -0.02111084  0.9995299 ]]

 [[ 0.9880719   0.13764007 -0.06905822]
  [-0.12405068  0.9771409   0.17264743]
  [ 0.09124281 -0.16202137  0.98255986]]

 [[ 0.97862375 -0.17303453  0.11115154]
  [ 0.15901878  0.97938347  0.12458318]
  [-0.13041718 -0.10424487  0.98596364]]]
[ 0.5120535   0.6161937  -0.57715005 -0.69550145 -0.2814635   0.0394378
  0.04614857  0.06220245  0.04177897  0.03455502]