[[[ 0.40941596  0.17961653 -0.8944923 ]
  [ 0.0198737  -0.9819522  -0.18808237]
  [-0.91213137  0.05922706 -0.40559655]]]
[[[ 9.6451890e-01 -2.2207776e-01 -1.4277561e-01]
  [ 2.4939255e-01  5.8891124e-01  7.6875669e-01]
  [-8.6641595e-02 -7.7708745e-01  6.2340057e-01]]

 [[ 9.5301765e-01  2.0616460e-01  2.2193125e-01]
  [-3.0027041e-01  7.3956025e-01  6.0240203e-01]
  [-3.9937556e-02 -6.4073920e-01  7.6671910e-01]]

 [[ 9.9740320e-01 -3.9664600e-02 -6.0113411e-02]
  [-1.0449313e-02  7.4614370e-01 -6.6570288e-01]
  [ 7.1258090e-02  6.6460228e-01  7.4379164e-01]]

 [[ 9.9225527e-01  1.1622564e-01 -4.3829866e-02]
  [-9.7460255e-02  5.0968719e-01 -8.5482186e-01]
  [-7.7012703e-02  8.5247320e-01  5.1706719e-01]]

 [[ 9.6303451e-01  1.2176881e-01  2.4028501e-01]
  [ 6.4050853e-02  7.6290828e-01 -6.4332604e-01]
  [-2.6165247e-01  6.3493562e-01  7.2690761e-01]]

 [[ 9.9149132e-01 -1.0638079e-01 -7.5021245e-02]
  [ 1.0213907e-01  9.9306118e-01 -5.8285192e-02]
  [ 8.0701105e-02  5.0126657e-02  9.9547720e-01]]

 [[ 9.7788596e-01  1.9948152e-01  6.2818736e-02]
  [-1.9209225e-01  9.7548276e-01 -1.0739623e-01]
  [-8.2702160e-02  9.2954271e-02  9.9222976e-01]]

 [[ 9.8457056e-01 -1.7488508e-01  5.9939595e-03]
  [ 1.7408232e-01  9.7542119e-01 -1.3508822e-01]
  [ 1.7778283e-02  1.3404734e-01  9.9081540e-01]]

 [[ 9.9492919e-01 -6.3355021e-02 -7.8114808e-02]
  [ 5.6803975e-02  9.9489498e-01 -8.3411112e-02]
  [ 8.3000533e-02  7.8550927e-02  9.9344885e-01]]

 [[ 9.5237464e-01 -2.7364457e-01  1.3454038e-01]
  [ 2.3978685e-01  9.4464338e-01  2.2394463e-01]
  [-1.8837391e-01 -1.8101819e-01  9.6527076e-01]]

 [[ 9.6033132e-01  2.6352343e-01 -9.1209628e-02]
  [-2.3834911e-01  9.4545096e-01  2.2206368e-01]
  [ 1.4475319e-01 -1.9151497e-01  9.7075677e-01]]

 [[ 9.9624813e-01  5.4923180e-02 -6.6880941e-02]
  [-6.6073969e-02  9.8181874e-01 -1.7795014e-01]
  [ 5.5891372e-02  1.8170160e-01  9.8176408e-01]]

 [[ 9.1772300e-01  3.9426845e-02 -3.9525935e-01]
  [-2.2032265e-02  9.9858242e-01  4.8452850e-02]
  [ 3.9660940e-01 -3.5757840e-02  9.1729075e-01]]

 [[ 9.2977309e-01 -1.8983363e-01  3.1541264e-01]
  [ 1.9327320e-01  9.8092771e-01  2.0648552e-02]
  [-3.1331676e-01  4.1762345e-02  9.4872993e-01]]

 [[ 9.9507427e-01 -8.0443472e-03 -9.8805696e-02]
  [ 1.2837138e-04  9.9680579e-01 -7.9863019e-02]
  [ 9.9132545e-02  7.9456948e-02  9.9189681e-01]]

 [[ 5.2578896e-01  7.4200678e-01 -4.1589886e-01]
  [-6.4779586e-01  6.6617191e-01  3.6956128e-01]
  [ 5.5127710e-01  7.5106308e-02  8.3093476e-01]]

 [[ 5.2861434e-01 -7.3174214e-01  4.3025607e-01]
  [ 8.1000960e-01  5.8641273e-01  2.1385653e-03]
  [-2.5387248e-01  3.4738109e-01  9.0270436e-01]]

 [[-1.6466761e-02 -2.8281316e-01 -9.5903367e-01]
  [ 4.5921689e-01  8.4987825e-01 -2.5850874e-01]
  [ 8.8817155e-01 -4.4466129e-01  1.1587784e-01]]

 [[ 2.4334551e-01  3.6847356e-01  8.9722353e-01]
  [-1.9854593e-01  9.2436624e-01 -3.2577077e-01]
  [-9.4940102e-01 -9.8865263e-02  2.9809931e-01]]

 [[ 9.2405033e-01 -3.8020706e-01 -3.9667353e-02]
  [ 3.8169691e-01  9.2336577e-01  4.1268777e-02]
  [ 2.0936796e-02 -5.3275339e-02  9.9836028e-01]]

 [[ 9.5508713e-01  2.9428828e-01  3.4685329e-02]
  [-2.9590797e-01  9.5339578e-01  5.8948487e-02]
  [-1.5720999e-02 -6.6564597e-02  9.9765831e-01]]

 [[ 9.7135937e-01  2.1585716e-01 -9.9331088e-02]
  [-2.0415300e-01  9.7204775e-01  1.1595121e-01]
  [ 1.2158347e-01 -9.2351556e-02  9.8827559e-01]]

 [[ 9.7213823e-01 -2.1943863e-01  8.2425997e-02]
  [ 1.9905329e-01  9.5849723e-01  2.0411013e-01]
  [-1.2379472e-01 -1.8201609e-01  9.7547179e-01]]]
[ 0.27081364  0.5818422  -0.13430427 -0.11996335 -0.14725637 -0.06949922
  0.08692247  0.12749813  0.00425975  0.02250606]