[[[-0.8292535  -0.06368737 -0.555232  ]
  [-0.15612556 -0.927533    0.33956945]
  [-0.5366222   0.36827508  0.7592167 ]]]
[[[ 0.8187426  -0.5361577  -0.20541523]
  [ 0.35772485  0.19650435  0.9129178 ]
  [-0.44910297 -0.82092685  0.35268342]]

 [[ 0.7523584   0.63908833 -0.15975878]
  [-0.5735829   0.75479835  0.3182483 ]
  [ 0.3239745  -0.14780189  0.934449  ]]

 [[ 0.9966356  -0.01310553  0.08090474]
  [ 0.06450953  0.7343339  -0.675716  ]
  [-0.05055546  0.6786618   0.73270875]]

 [[ 0.94223243  0.3272317   0.07153669]
  [-0.09055295  0.4544617  -0.88615173]
  [-0.32248762  0.828483    0.45784035]]

 [[ 0.9360976   0.11251698  0.33325848]
  [ 0.05228942  0.892413   -0.44817945]
  [-0.34783202  0.43696558  0.8295023 ]]

 [[ 0.9926162   0.12128381 -0.00183994]
  [-0.1212395   0.9915549  -0.04604112]
  [-0.00375964  0.04592423  0.99893785]]

 [[ 0.93195665  0.34089735  0.12347339]
  [-0.3432552   0.9392393  -0.0023094 ]
  [-0.11675833 -0.04023063  0.9923451 ]]

 [[ 0.9562412  -0.21283583 -0.20075765]
  [ 0.24101679  0.96203077  0.12809263]
  [ 0.16587234 -0.17087343  0.97123045]]

 [[ 0.9898719   0.12807354  0.0612432 ]
  [-0.12799984  0.9917609  -0.0051416 ]
  [-0.06139711 -0.0027496   0.99810964]]

 [[ 0.8654418  -0.48973793  0.10567541]
  [ 0.47184512  0.8676403   0.15672418]
  [-0.16844203 -0.08577323  0.98197263]]

 [[ 0.9329333   0.3253094  -0.15430254]
  [-0.290888    0.9335549   0.20942657]
  [ 0.2121783  -0.15049626  0.965573  ]]

 [[ 0.9936348   0.00819241 -0.11235107]
  [-0.01844346  0.9957249  -0.09050798]
  [ 0.11112929  0.09200402  0.9895381 ]]

 [[ 0.9535792   0.2963437  -0.05354589]
  [-0.29091135  0.95245713  0.09053249]
  [ 0.07782889 -0.07075279  0.9944531 ]]

 [[ 0.95357466  0.12085814  0.2758417 ]
  [-0.14870515  0.9854509   0.0822998 ]
  [-0.26188186 -0.11949809  0.95767325]]

 [[ 0.98890126  0.07858378  0.12609057]
  [-0.08491362  0.995343    0.04562892]
  [-0.12191767 -0.05582931  0.9909688 ]]

 [[ 0.7133872   0.68271965 -0.15802738]
  [-0.64482224  0.72781736  0.23342286]
  [ 0.2743774  -0.06462131  0.9594484 ]]

 [[ 0.8057586  -0.30422395  0.5081346 ]
  [ 0.09049129  0.9111492   0.40201795]
  [-0.58528996 -0.27794766  0.7616959 ]]

 [[ 0.18852268 -0.38021168 -0.90548235]
  [ 0.60543513  0.77095664 -0.19767192]
  [ 0.77324474 -0.5109452   0.37553632]]

 [[ 0.3283364   0.2397209   0.9136351 ]
  [-0.54802316  0.83616185 -0.02244825]
  [-0.7693281  -0.49332264  0.40591496]]

 [[ 0.98384136 -0.17900321 -0.00374537]
  [ 0.17892283  0.98220503  0.05709587]
  [-0.00654163 -0.05684341  0.9983617 ]]

 [[ 0.9704024   0.2414792  -0.00263747]
  [-0.2407835   0.96665436 -0.0871935 ]
  [-0.01850589  0.08524784  0.9961879 ]]

 [[ 0.97831345  0.18757166 -0.08786156]
  [-0.17583115  0.9762749   0.12637521]
  [ 0.10948145 -0.10818578  0.98808384]]

 [[ 0.98632425 -0.15620263  0.05258526]
  [ 0.14484468  0.9737384   0.17565164]
  [-0.07864154 -0.16563278  0.9830469 ]]]
[ 0.37409103  0.7589015  -0.14755581 -0.85829043 -0.16307694 -0.21048713
  0.14950335  0.15351908 -0.13015619  0.01163656]