[[[-0.22343522  0.02130412 -0.9744859 ]
  [ 0.05723035 -0.99774957 -0.03493477]
  [-0.9730372  -0.06357583  0.22171316]]]
[[[ 0.9823339  -0.16811636 -0.0822011 ]
  [ 0.1672807   0.59194714  0.78842616]
  [-0.08388864 -0.78824836  0.60961235]]

 [[ 0.9752747  -0.09928922  0.19743569]
  [-0.15336302  0.3391753   0.9281379 ]
  [-0.15911941 -0.9354688   0.3155618 ]]

 [[ 0.992618   -0.02668193 -0.11831128]
  [-0.08900177  0.50243086 -0.8600244 ]
  [ 0.08239035  0.8642056   0.4963472 ]]

 [[ 0.99077374  0.08596008 -0.10477749]
  [-0.13161662  0.4259209  -0.8951361 ]
  [-0.03231903  0.9006677   0.43330503]]

 [[ 0.9629974  -0.17301139  0.20664696]
  [ 0.15647079 -0.26538607 -0.9513606 ]
  [ 0.2194375   0.9484921  -0.22849487]]

 [[ 0.99133545 -0.10167822 -0.0831603 ]
  [ 0.10685858  0.99243754  0.06040648]
  [ 0.07638938 -0.06876947  0.9947037 ]]

 [[ 0.9714774   0.09548353  0.21705881]
  [-0.10190698  0.9946207   0.01856849]
  [-0.21411817 -0.04015868  0.97598195]]

 [[ 0.9885551  -0.05865324 -0.1389917 ]
  [ 0.07835379  0.9869324   0.14080173]
  [ 0.12891693 -0.15008079  0.9802327 ]]

 [[ 0.98753005 -0.07409213 -0.13890561]
  [ 0.06999617  0.99696255 -0.03415097]
  [ 0.141014    0.02400225  0.98971665]]

 [[ 0.96834004 -0.24810708  0.02757421]
  [ 0.23977792  0.95514643  0.17378661]
  [-0.06945511 -0.16167288  0.9843971 ]]

 [[ 0.9922607   0.09918636  0.0747046 ]
  [-0.11388213  0.96671504  0.22911334]
  [-0.04949315 -0.23584768  0.9705289 ]]

 [[ 0.9759532   0.001072    0.21797754]
  [-0.0183596   0.99683887  0.07729921]
  [-0.21720563 -0.07944239  0.9728878 ]]

 [[ 0.7858292   0.03627447 -0.6173789 ]
  [-0.00579961  0.9986667   0.05129525]
  [ 0.6184164  -0.03672874  0.7849918 ]]

 [[ 0.78604364 -0.07814316  0.6132119 ]
  [ 0.00303163  0.9924534   0.12258483]
  [-0.6181634  -0.09449805  0.7803486 ]]

 [[ 0.9917737   0.10885887  0.06733875]
  [-0.12304206  0.95579356  0.26705694]
  [-0.03529042 -0.2731456   0.96132517]]

 [[ 0.8781343   0.3795045  -0.29130116]
  [-0.24746644  0.8814213   0.40231416]
  [ 0.40943915 -0.28119862  0.86792094]]

 [[ 0.63201606 -0.61184365  0.47560805]
  [ 0.559962    0.78482026  0.26551777]
  [-0.53572226  0.09851094  0.8386282 ]]

 [[ 0.957848   -0.10927785 -0.26567942]
  [ 0.17570575  0.95452327  0.2408585 ]
  [ 0.22727668 -0.27738723  0.93348897]]

 [[ 0.6144495   0.22497624  0.75619936]
  [-0.23615819  0.9669812  -0.09579545]
  [-0.75278217 -0.11972123  0.64729106]]

 [[ 0.98192817 -0.18862112  0.0154575 ]
  [ 0.18609157  0.94743013 -0.26028055]
  [ 0.03444951  0.2584534   0.96540916]]

 [[ 0.99025196  0.1372715   0.02361386]
  [-0.13488506  0.98735774 -0.08325084]
  [-0.0347433   0.07925414  0.9962488 ]]

 [[ 0.98542935  0.14926939 -0.08153331]
  [-0.12906104  0.9684544   0.21316499]
  [ 0.11078029 -0.19953626  0.97360826]]

 [[ 0.9802012  -0.1496188   0.12969123]
  [ 0.13290022  0.9826713   0.12920792]
  [-0.14677578 -0.10941377  0.98309994]]]
[ 0.57592726  0.7834413  -0.72144294 -0.6814952  -0.2570436  -0.01614597
  0.07703654  0.07843299  0.0135016   0.04918671]