[[[ 0.02376695  0.11922745 -0.99258244]
  [ 0.09981313 -0.988185   -0.11630924]
  [-0.99472225 -0.09630844 -0.03538661]]]
[[[ 9.51364994e-01 -3.00417602e-01  6.82195127e-02]
  [ 2.31751755e-01  8.43821347e-01  4.84000713e-01]
  [-2.02967420e-01 -4.44651335e-01  8.72404397e-01]]

 [[ 9.73814130e-01 -5.01115061e-03  2.27290347e-01]
  [-2.12504983e-01  3.35229248e-01  9.17857766e-01]
  [-8.07939097e-02 -9.42123175e-01  3.25386077e-01]]

 [[ 9.82889652e-01 -8.92144293e-02 -1.61148205e-01]
  [-7.63092116e-02  5.99042892e-01 -7.97072470e-01]
  [ 1.67645052e-01  7.95731366e-01  5.81985176e-01]]

 [[ 9.95258749e-01  2.68513002e-02 -9.34823528e-02]
  [-7.96750262e-02  7.76329577e-01 -6.25271320e-01]
  [ 5.57837859e-02  6.29755020e-01  7.74788201e-01]]

 [[ 9.65575218e-01 -2.18754575e-01  1.40750751e-01]
  [ 1.44012049e-01 -1.04682043e-03 -9.89575326e-01]
  [ 2.16621488e-01  9.75779355e-01  3.04925106e-02]]

 [[ 9.90932226e-01 -1.04560465e-01 -8.43827501e-02]
  [ 1.07924081e-01  9.93495286e-01  3.63239311e-02]
  [ 8.00358206e-02 -4.51014824e-02  9.95771110e-01]]

 [[ 9.69952822e-01  1.23148650e-01  2.09823549e-01]
  [-1.20197788e-01  9.92388010e-01 -2.68084425e-02]
  [-2.11527765e-01  7.82598217e-04  9.77371752e-01]]

 [[ 9.83406007e-01 -1.25619620e-01 -1.30890593e-01]
  [ 1.29995510e-01  9.91189063e-01  2.54072677e-02]
  [ 1.26545653e-01 -4.20008451e-02  9.91071284e-01]]

 [[ 9.86178279e-01 -6.02735877e-02 -1.54335603e-01]
  [ 6.01111948e-02  9.98175323e-01 -5.72291389e-03]
  [ 1.54398918e-01 -3.63348378e-03  9.88001943e-01]]

 [[ 9.74951029e-01 -2.07699612e-01  7.95699060e-02]
  [ 1.92708760e-01  9.67441201e-01  1.64076254e-01]
  [-1.11057758e-01 -1.44632488e-01  9.83233333e-01]]

 [[ 9.84909713e-01  1.68009549e-01  4.15393040e-02]
  [-1.72585547e-01  9.71370578e-01  1.63258687e-01]
  [-1.29210353e-02 -1.67964175e-01  9.85708356e-01]]

 [[ 9.81518567e-01  1.26503324e-02  1.90948263e-01]
  [-5.18953428e-03  9.99205172e-01 -3.95219699e-02]
  [-1.91296488e-01  3.78006175e-02  9.80804086e-01]]

 [[ 8.25624585e-01  9.90412906e-02 -5.55459321e-01]
  [-7.51569569e-02  9.95004833e-01  6.57026172e-02]
  [ 5.59191942e-01 -1.24990512e-02  8.28944087e-01]]

 [[ 8.99373591e-01 -1.29595816e-01  4.17530805e-01]
  [ 8.18978772e-02  9.88089144e-01  1.30278915e-01]
  [-4.29441243e-01 -8.29745531e-02  8.99274886e-01]]

 [[ 9.95896637e-01  7.86907300e-02  4.46952097e-02]
  [-8.34784210e-02  9.89507020e-01  1.17928684e-01]
  [-3.49463299e-02 -1.21175863e-01  9.92015719e-01]]

 [[ 8.31674457e-01  4.30976361e-01 -3.50109875e-01]
  [-2.60789365e-01  8.59836936e-01  4.38941032e-01]
  [ 4.90210682e-01 -2.73751110e-01  8.27498496e-01]]

 [[ 7.04773605e-01 -6.20598197e-01  3.43732506e-01]
  [ 6.02116346e-01  7.79487252e-01  1.72787324e-01]
  [-3.75166595e-01  8.51910338e-02  9.23034370e-01]]

 [[ 8.80002081e-01 -1.90383062e-01 -4.35144365e-01]
  [ 3.30795854e-01  9.03092563e-01  2.73857534e-01]
  [ 3.40837777e-01 -3.84939164e-01  8.57701242e-01]]

 [[ 4.75233614e-01  3.14086139e-01  8.21889877e-01]
  [-4.11090106e-01  9.05150235e-01 -1.08203433e-01]
  [-7.77918994e-01 -2.86448896e-01  5.59275508e-01]]

 [[ 9.74783242e-01 -2.21457988e-01  2.74573229e-02]
  [ 2.22192273e-01  9.51799870e-01 -2.11441770e-01]
  [ 2.06915960e-02  2.12210715e-01  9.77004826e-01]]

 [[ 9.89243686e-01  1.42166138e-01  3.44334394e-02]
  [-1.42063007e-01  9.89842713e-01 -5.43544209e-03]
  [-3.48564237e-02  4.85258352e-04  9.99392211e-01]]

 [[ 9.85648692e-01  1.54761001e-01 -6.74211979e-02]
  [-1.39583021e-01  9.71793830e-01  1.90087780e-01]
  [ 9.49376747e-02 -1.77948937e-01  9.79449332e-01]]

 [[ 9.75630283e-01 -1.63926199e-01  1.45855233e-01]
  [ 1.49445444e-01  9.83146071e-01  1.05309039e-01]
  [-1.60659894e-01 -8.09452906e-02  9.83685076e-01]]]
[ 0.50771946  0.7267943  -0.6737312  -0.66218996 -0.26041406 -0.01635816
  0.01017466  0.07938915  0.0568413   0.05410329]