[[[-0.74387807 -0.06220359 -0.66541415]
  [-0.24872959 -0.8983658   0.36203924]
  [-0.6203055   0.43482128  0.65280277]]]
[[[ 0.91260034 -0.39255792 -0.11427596]
  [ 0.2305999   0.2634034   0.93671894]
  [-0.33761573 -0.881202    0.33090582]]

 [[ 0.9431619   0.32438836 -0.07223438]
  [-0.24511117  0.82577366  0.5079551 ]
  [ 0.22442394 -0.46137846  0.85834944]]

 [[ 0.9951305   0.09819786  0.00850685]
  [-0.05709115  0.644603   -0.7623828 ]
  [-0.08034788  0.7581848   0.64707035]]

 [[ 0.94217616  0.33284754  0.03894424]
  [-0.11911894  0.44125202 -0.88944215]
  [-0.3132329   0.8333722   0.4553856 ]]

 [[ 0.9788421  -0.09579049  0.1808103 ]
  [ 0.18992433  0.09653057 -0.9770418 ]
  [ 0.07613759  0.99070984  0.11268113]]

 [[ 0.98981225  0.14217727  0.00757264]
  [-0.14226736  0.9897415   0.01310442]
  [-0.0056318  -0.01404826  0.99988544]]

 [[ 0.9520443   0.22676791  0.20539725]
  [-0.2257325   0.9737641  -0.02877912]
  [-0.20653465 -0.01896583  0.97825545]]

 [[ 0.97180825 -0.00646244 -0.23568428]
  [ 0.07154678  0.9605704   0.26867363]
  [ 0.22465506 -0.27796167  0.9339526 ]]

 [[ 0.9940643   0.10591945  0.0248438 ]
  [-0.10340332  0.99083525 -0.08690937]
  [-0.03382151  0.08382457  0.99590635]]

 [[ 0.9252233  -0.37939474  0.00462931]
  [ 0.37431183  0.9146877   0.15243705]
  [-0.06206819 -0.1393055   0.9883023 ]]

 [[ 0.9936947   0.09440794 -0.06048115]
  [-0.07980294  0.97445506  0.20992567]
  [ 0.07875482 -0.20377545  0.97584486]]

 [[ 0.99688846  0.0287484  -0.07339563]
  [-0.04383312  0.9760586  -0.21304551]
  [ 0.06551371  0.21559978  0.97428167]]

 [[ 0.96948934  0.12625027 -0.21012211]
  [-0.08739085  0.97885936  0.18492466]
  [ 0.2290268  -0.16091974  0.96002686]]

 [[ 0.9148392   0.228416    0.33300948]
  [-0.27540106  0.95602745  0.10082512]
  [-0.29533616 -0.18394995  0.9375174 ]]

 [[ 0.996503    0.04091724  0.07285252]
  [-0.04768544  0.9944553   0.09372776]
  [-0.06861348 -0.09687401  0.9929288 ]]

 [[ 0.8459364   0.45290574 -0.2815456 ]
  [-0.3187121   0.8526547   0.4140078 ]
  [ 0.42756772 -0.2604923   0.8656382 ]]

 [[ 0.9080666  -0.2234184   0.35425866]
  [ 0.05161605  0.89908725  0.43471566]
  [-0.41563296 -0.37646538  0.82796305]]

 [[ 0.35430747 -0.33796564 -0.8719206 ]
  [ 0.675229    0.73751867 -0.01148873]
  [ 0.64694047 -0.58467555  0.4895126 ]]

 [[ 0.70079374  0.22021575  0.6785227 ]
  [-0.42420217  0.8933611   0.14818382]
  [-0.57353336 -0.39167717  0.71947783]]

 [[ 0.969118   -0.24625987  0.01290063]
  [ 0.24569596  0.95978326 -0.13582946]
  [ 0.02106754  0.1348044   0.99064827]]

 [[ 0.9846426   0.17154603  0.03241682]
  [-0.16484451  0.9747009  -0.15094472]
  [-0.05749068  0.14328288  0.9880105 ]]

 [[ 0.98164916  0.17600845 -0.07338934]
  [-0.16485642  0.9767109   0.13732524]
  [ 0.09585056 -0.1227065   0.9878036 ]]

 [[ 0.9895926  -0.12143803  0.07719571]
  [ 0.11089599  0.9854694   0.12865481]
  [-0.09169761 -0.11875517  0.98868024]]]
[ 0.4300338   0.7240102  -0.15884717 -0.6355382  -0.16351312 -0.26232353
  0.12325168  0.12821788 -0.14156419  0.07999206]