[[[-0.58266014 -0.06911059 -0.80977213]
  [-0.24096987 -0.9368829   0.25334546]
  [-0.7761705   0.342745    0.5292308 ]]]
[[[ 9.69799638e-01 -2.29047745e-01 -8.38206932e-02]
  [ 1.61984131e-01  3.47918868e-01  9.23425078e-01]
  [-1.82345584e-01 -9.09114778e-01  3.74513686e-01]]

 [[ 9.99504149e-01 -1.89450160e-02 -2.51502693e-02]
  [ 3.13488282e-02  6.73553407e-01  7.38473475e-01]
  [ 2.94965808e-03 -7.38895774e-01  6.73813343e-01]]

 [[ 9.87229824e-01  1.35049045e-01 -8.44929516e-02]
  [-1.48481518e-01  5.87929070e-01 -7.95168340e-01]
  [-5.77108711e-02  7.97559559e-01  6.00473404e-01]]

 [[ 9.60752547e-01  2.77406812e-01 -1.45375685e-04]
  [-1.28642440e-01  4.45067316e-01 -8.86208892e-01]
  [-2.45775715e-01  8.51446152e-01  4.63285834e-01]]

 [[ 9.43932533e-01 -2.45924369e-01  2.20255673e-01]
  [ 1.44685507e-01 -2.91518539e-01 -9.45559680e-01]
  [ 2.96744764e-01  9.24412370e-01 -2.39592135e-01]]

 [[ 9.97007072e-01  5.52482158e-02 -5.40778972e-02]
  [-5.24325222e-02  9.97260809e-01  5.21702990e-02]
  [ 5.68120815e-02 -4.91787232e-02  9.97172892e-01]]

 [[ 9.64200854e-01  1.59597278e-01  2.11767703e-01]
  [-1.48984149e-01  9.86683369e-01 -6.52666166e-02]
  [-2.19364032e-01  3.13800909e-02  9.75138426e-01]]

 [[ 9.78525162e-01 -1.06371138e-02 -2.05852911e-01]
  [ 5.74210398e-02  9.73202884e-01  2.22663254e-01]
  [ 1.97968170e-01 -2.29701877e-01  9.52914298e-01]]

 [[ 9.97357190e-01  2.72128470e-02 -6.73658848e-02]
  [-3.23183760e-02  9.96591747e-01 -7.58966655e-02]
  [ 6.50709271e-02  7.78732374e-02  9.94837403e-01]]

 [[ 9.50200975e-01 -3.10420960e-01 -2.75145024e-02]
  [ 3.10191393e-01  9.33599710e-01  1.79367930e-01]
  [-2.99920291e-02 -1.78970322e-01  9.83397245e-01]]

 [[ 9.97572839e-01  6.58459961e-02  2.26444080e-02]
  [-6.93919957e-02  9.67027724e-01  2.45034859e-01]
  [-5.76320849e-03 -2.46011451e-01  9.69249785e-01]]

 [[ 9.98997688e-01  4.47193310e-02  1.94517057e-03]
  [-4.44179773e-02  9.95766342e-01 -8.04762244e-02]
  [-5.53577812e-03  8.03091675e-02  9.96754587e-01]]

 [[ 8.44721138e-01 -4.29385975e-02 -5.33481538e-01]
  [ 1.14160918e-01  9.88292515e-01  1.01218596e-01]
  [ 5.22889614e-01 -1.46404222e-01  8.39733481e-01]]

 [[ 8.39720905e-01  1.93919137e-01  5.07212162e-01]
  [-2.95420796e-01  9.46878552e-01  1.27073377e-01]
  [-4.55626309e-01 -2.56547183e-01  8.52401435e-01]]

 [[ 9.97344792e-01  7.10777417e-02  1.58560965e-02]
  [-7.26278424e-02  9.54780519e-01  2.88304359e-01]
  [ 5.35292178e-03 -2.88690418e-01  9.57407594e-01]]

 [[ 8.31207931e-01  3.61756235e-01 -4.22168046e-01]
  [-1.74877435e-01  8.90929282e-01  4.19121593e-01]
  [ 5.27741730e-01 -2.74549514e-01  8.03810477e-01]]

 [[ 8.43504906e-01 -3.46691430e-01  4.10249323e-01]
  [ 2.15033814e-01  9.17880237e-01  3.33551109e-01]
  [-4.92199063e-01 -1.93134516e-01  8.48786891e-01]]

 [[ 5.57572961e-01 -2.52678633e-01 -7.90737510e-01]
  [ 4.74897683e-01  8.78371418e-01  5.41828535e-02]
  [ 6.80870414e-01 -4.05730337e-01  6.09752655e-01]]

 [[ 3.95084679e-01  2.81760216e-01  8.74367952e-01]
  [-3.97175699e-01  9.10636783e-01 -1.13983117e-01]
  [-8.28347504e-01 -3.02244693e-01  4.71686959e-01]]

 [[ 9.54054892e-01 -2.99118370e-01 -1.75322127e-02]
  [ 2.86809176e-01  9.28596139e-01 -2.35477403e-01]
  [ 8.67159665e-02  2.19629988e-01  9.71721590e-01]]

 [[ 9.71973121e-01  2.15458229e-01  9.40535814e-02]
  [-1.99789584e-01  9.67888176e-01 -1.52566507e-01]
  [-1.23905078e-01  1.29499614e-01  9.83807623e-01]]

 [[ 9.86267269e-01  1.40066534e-01 -8.75109434e-02]
  [-1.25107616e-01  9.79516268e-01  1.57784641e-01]
  [ 1.07818738e-01 -1.44669563e-01  9.83588219e-01]]

 [[ 9.88412321e-01 -1.17551431e-01  9.60343480e-02]
  [ 1.08665831e-01  9.89714146e-01  9.30464491e-02]
  [-1.05984293e-01 -8.15326124e-02  9.91019487e-01]]]
[ 0.40553865  0.7713552  -0.30632856 -0.4985189  -0.24429095 -0.19464281
  0.16789204  0.13247164 -0.11440727  0.16858783]