[[[-0.58409935 -0.08267419 -0.8074608 ]
  [-0.24059476 -0.9324574   0.26951328]
  [-0.77520454  0.3516934   0.5247568 ]]]
[[[ 9.65791941e-01 -2.43927464e-01 -8.80071744e-02]
  [ 1.66521385e-01  3.23215425e-01  9.31559026e-01]
  [-1.98787585e-01 -9.14347351e-01  3.52777988e-01]]

 [[ 9.98980820e-01  2.75483914e-02 -3.57553102e-02]
  [ 7.56708533e-03  6.78723037e-01  7.34355271e-01]
  [ 4.44982648e-02 -7.33877420e-01  6.77822828e-01]]

 [[ 9.85796928e-01  1.47958711e-01 -7.94523358e-02]
  [-1.53562248e-01  6.02597594e-01 -7.83131361e-01]
  [-6.79933354e-02  7.84209371e-01  6.16759717e-01]]

 [[ 9.61380363e-01  2.75202304e-01  3.39580490e-03]
  [-1.24185093e-01  4.44767922e-01 -8.86994660e-01]
  [-2.45613337e-01  8.52317512e-01  4.61767167e-01]]

 [[ 9.44923103e-01 -2.47088715e-01  2.14633241e-01]
  [ 1.43035740e-01 -2.78082758e-01 -9.49847698e-01]
  [ 2.94382483e-01  9.28233325e-01 -2.27424309e-01]]

 [[ 9.96994317e-01  5.98687716e-02 -4.91737463e-02]
  [-5.70970587e-02  9.96799111e-01  5.59586920e-02]
  [ 5.23665287e-02 -5.29828221e-02  9.97221351e-01]]

 [[ 9.67047274e-01  1.63700253e-01  1.94991678e-01]
  [-1.55111581e-01  9.86155272e-01 -5.86365163e-02]
  [-2.01890871e-01  2.64588222e-02  9.79050577e-01]]

 [[ 9.81344223e-01 -2.86933780e-02 -1.90105513e-01]
  [ 7.00725019e-02  9.74166036e-01  2.14686602e-01]
  [ 1.79034263e-01 -2.24002644e-01  9.58002806e-01]]

 [[ 9.97614920e-01  3.03451121e-02 -6.19973913e-02]
  [-3.55497524e-02  9.95776474e-01 -8.46487805e-02]
  [ 5.91668673e-02  8.66508782e-02  9.94480252e-01]]

 [[ 9.44289327e-01 -3.28591704e-01 -1.85807813e-02]
  [ 3.25884759e-01  9.25632715e-01  1.92362219e-01]
  [-4.60096486e-02 -1.87700763e-01  9.81148124e-01]]

 [[ 9.95588899e-01  9.37930420e-02  2.36626621e-03]
  [-9.14012343e-02  9.63890254e-01  2.50122964e-01]
  [ 2.11789720e-02 -2.49235928e-01  9.68211234e-01]]

 [[ 9.99038875e-01  4.38281223e-02 -6.48695277e-04]
  [-4.38272245e-02  9.98560965e-01 -3.09036747e-02]
  [-7.06688268e-04  3.09024043e-02  9.99522090e-01]]

 [[ 8.60265195e-01 -5.12378812e-02 -5.07265747e-01]
  [ 1.18526898e-01  9.87776756e-01  1.01234868e-01]
  [ 4.95878190e-01 -1.47213459e-01  8.55823040e-01]]

 [[ 8.59488487e-01  2.01389194e-01  4.69810545e-01]
  [-2.87987709e-01  9.50140297e-01  1.19567543e-01]
  [-4.22306389e-01 -2.38066584e-01  8.74632239e-01]]

 [[ 9.98057544e-01  6.18832409e-02  7.17930216e-03]
  [-6.13706671e-02  9.56833005e-01  2.84085095e-01]
  [ 1.07107153e-02 -2.83973902e-01  9.58772242e-01]]

 [[ 8.23402882e-01  3.83901566e-01 -4.17884171e-01]
  [-1.98155642e-01  8.84580731e-01  4.22198176e-01]
  [ 5.31734765e-01 -2.64833122e-01  8.04438591e-01]]

 [[ 8.67894173e-01 -3.65518987e-01  3.36385965e-01]
  [ 2.50727922e-01  9.06920016e-01  3.38572890e-01]
  [-4.28829998e-01 -2.09504098e-01  8.78756404e-01]]

 [[ 4.56265897e-01 -2.65163302e-01 -8.49417269e-01]
  [ 5.14128566e-01  8.57671738e-01  8.42492189e-03]
  [ 7.26287246e-01 -4.40553725e-01  5.27654409e-01]]

 [[ 3.33220631e-01  3.08492988e-01  8.90952349e-01]
  [-4.32981282e-01  8.89492273e-01 -1.46050289e-01]
  [-8.37550759e-01 -3.37098718e-01  4.29968864e-01]]

 [[ 9.50862825e-01 -3.08016866e-01 -3.13929059e-02]
  [ 2.95271486e-01  9.32647645e-01 -2.07324013e-01]
  [ 9.31378081e-02  1.87867269e-01  9.77768600e-01]]

 [[ 9.71333027e-01  2.11738288e-01  1.08069547e-01]
  [-1.97318941e-01  9.71651435e-01 -1.30225450e-01]
  [-1.32579654e-01  1.05168119e-01  9.85577106e-01]]

 [[ 9.85537767e-01  1.45456254e-01 -8.69355723e-02]
  [-1.31126225e-01  9.79571044e-01  1.52467906e-01]
  [ 1.07336976e-01 -1.38863340e-01  9.84477401e-01]]

 [[ 9.87604141e-01 -1.24409437e-01  9.57101062e-02]
  [ 1.14942260e-01  9.88448083e-01  9.87859890e-02]
  [-1.06894381e-01 -8.65603089e-02  9.90495324e-01]]]
[ 0.42320436  0.88064086 -0.29918242 -0.5540042  -0.2623427  -0.23086023
  0.18449122  0.1605759  -0.14609286  0.19070578]