[[[ 0.6143989   0.2063453  -0.761535  ]
  [ 0.1338023  -0.9784647  -0.15717414]
  [-0.7775673  -0.00532752 -0.62877715]]]
[[[ 0.96948564 -0.10018526 -0.22374186]
  [ 0.24170248  0.5431134   0.80411917]
  [ 0.04095631 -0.833661    0.5507557 ]]

 [[ 0.9730576   0.16919686  0.15662506]
  [-0.22828317  0.61173284  0.75740993]
  [ 0.03233871 -0.7727583   0.6338761 ]]

 [[ 0.9975962   0.06283068 -0.02922617]
  [-0.06155334  0.6097462  -0.790203  ]
  [-0.03182844  0.7901024   0.6121479 ]]

 [[ 0.99421334 -0.03771573 -0.10058595]
  [-0.07307135  0.4489192  -0.89057976]
  [ 0.07874379  0.8927761   0.44356552]]

 [[ 0.9889523  -0.12172701  0.0845933 ]
  [ 0.12728941  0.40490296 -0.90545636]
  [ 0.07596641  0.90622085  0.41592428]]

 [[ 0.99320054 -0.11466407 -0.0201201 ]
  [ 0.11289818  0.99085975 -0.0738306 ]
  [ 0.02840191  0.07105707  0.9970678 ]]

 [[ 0.9940142   0.10393614  0.03366073]
  [-0.10304724  0.99430585 -0.02715003]
  [-0.03629093  0.02351887  0.99906445]]

 [[ 0.99048185 -0.12286478 -0.06204764]
  [ 0.11987545  0.9915385  -0.04981223]
  [ 0.0676428   0.04190012  0.9968294 ]]

 [[ 0.9955893  -0.09054486 -0.02457023]
  [ 0.08933466  0.99491334 -0.04654802]
  [ 0.02865994  0.04414773  0.9986139 ]]

 [[ 0.9546382  -0.2369316   0.18035896]
  [ 0.19358869  0.9540641   0.22865948]
  [-0.22625066 -0.18337162  0.9566533 ]]

 [[ 0.97519344  0.20666385 -0.07929569]
  [-0.18623272  0.95964044  0.2107311 ]
  [ 0.11964586 -0.19073613  0.9743226 ]]

 [[ 0.99678826 -0.00187933 -0.08006005]
  [-0.00804987  0.9923096  -0.12351843]
  [ 0.07967649  0.12376619  0.98910743]]

 [[ 0.91924065  0.1685873  -0.3557739 ]
  [-0.1604934   0.9856461   0.05237976]
  [ 0.3594977   0.00894977  0.93310314]]

 [[ 0.8728494  -0.3886002   0.2951674 ]
  [ 0.3823009   0.92045426  0.08130161]
  [-0.3032819   0.04187869  0.9519802 ]]

 [[ 0.97687405 -0.08238873 -0.19730484]
  [ 0.07135562  0.995497   -0.06240241]
  [ 0.20155765  0.04688049  0.9783541 ]]

 [[ 0.52359647  0.7329549  -0.43430835]
  [-0.7001302   0.660645    0.27086112]
  [ 0.48545265  0.16225049  0.85907525]]

 [[ 0.5415358  -0.74854785  0.38264233]
  [ 0.77773464  0.61889005  0.11001831]
  [-0.31916746  0.23801531  0.91732275]]

 [[-0.20967357 -0.39231783 -0.8956136 ]
  [ 0.34861103  0.82578295 -0.44334286]
  [ 0.9135137  -0.40517807 -0.03637853]]

 [[-0.36311975  0.47232416  0.8031525 ]
  [-0.33233547  0.7396372  -0.5852265 ]
  [-0.87045807 -0.4794233  -0.11160681]]

 [[ 0.92575574 -0.37745276 -0.02249033]
  [ 0.37782884  0.92574227  0.01570179]
  [ 0.01489357 -0.02303351  0.9996238 ]]

 [[ 0.91467947  0.39946938  0.06152727]
  [-0.3994433   0.916662   -0.01325919]
  [-0.06169636 -0.01244875  0.99801725]]

 [[ 0.9620012   0.25239366 -0.10416807]
  [-0.23496346  0.95955807  0.15504976]
  [ 0.1390889  -0.12468237  0.9823993 ]]

 [[ 0.9607771  -0.26226056  0.09014761]
  [ 0.24535944  0.95538396  0.16443925]
  [-0.12925151 -0.13587092  0.98225915]]]
[ 0.45014465  0.6335733  -0.21641669 -0.5379629  -0.17456263 -0.0964845
 -0.01931888  0.11988276  0.01164548 -0.01772833]