[[[ 0.5197997   0.16708325 -0.83778965]
  [ 0.00513369 -0.9812806  -0.192515  ]
  [-0.8542727   0.0957683  -0.51092714]]]
[[[ 9.75623250e-01 -1.48514107e-01 -1.61563799e-01]
  [ 2.18568981e-01  5.91606081e-01  7.76034713e-01]
  [-1.96699798e-02 -7.92430282e-01  6.09645247e-01]]

 [[ 9.58427310e-01  1.64253950e-01  2.33319044e-01]
  [-2.80852973e-01  6.87440455e-01  6.69736683e-01]
  [-5.03860340e-02 -7.07422256e-01  7.04992890e-01]]

 [[ 9.98081148e-01 -3.07210758e-02 -5.37619926e-02]
  [-1.55706275e-02  7.15824008e-01 -6.98107123e-01]
  [ 5.99307232e-02  6.97604597e-01  7.13972092e-01]]

 [[ 9.96178687e-01  5.44943810e-02 -6.82520270e-02]
  [-8.61521810e-02  4.84767228e-01 -8.70389879e-01]
  [-1.43450284e-02  8.72943938e-01  4.87609595e-01]]

 [[ 9.80433345e-01  7.57581145e-02  1.81689739e-01]
  [ 1.07152380e-01  5.68873286e-01 -8.15414965e-01]
  [-1.65132731e-01  8.18928540e-01  5.49624681e-01]]

 [[ 9.92773831e-01 -1.07324459e-01 -5.36814220e-02]
  [ 1.04002818e-01  9.92688596e-01 -6.12595342e-02]
  [ 5.98635860e-02  5.52338362e-02  9.96677279e-01]]

 [[ 9.85959768e-01  1.62796319e-01  3.71581241e-02]
  [-1.58565402e-01  9.82542932e-01 -9.72950384e-02]
  [-5.23487329e-02  9.00369957e-02  9.94561672e-01]]

 [[ 9.85002458e-01 -1.71870470e-01 -1.51859559e-02]
  [ 1.69160038e-01  9.79294777e-01 -1.11205600e-01]
  [ 3.39844823e-02  1.06968947e-01  9.93681371e-01]]

 [[ 9.96149600e-01 -6.29570559e-02 -6.10112324e-02]
  [ 5.95429949e-02  9.96639729e-01 -5.62480539e-02]
  [ 6.43474311e-02  5.23986816e-02  9.96550918e-01]]

 [[ 9.50430334e-01 -2.67451227e-01  1.58594280e-01]
  [ 2.22756550e-01  9.41520214e-01  2.52822399e-01]
  [-2.16937378e-01 -2.04962134e-01  9.54425871e-01]]

 [[ 9.63666022e-01  2.61284381e-01 -5.54829799e-02]
  [-2.41418466e-01  9.40865874e-01  2.37673074e-01]
  [ 1.14302307e-01 -2.15642825e-01  9.69759345e-01]]

 [[ 9.95245218e-01  6.96444511e-02 -6.80921227e-02]
  [-7.89026469e-02  9.86368895e-01 -1.44398198e-01]
  [ 5.71074151e-02  1.49084270e-01  9.87174034e-01]]

 [[ 9.27691460e-01  5.00061475e-02 -3.69983852e-01]
  [-3.93017419e-02  9.98563528e-01  3.64189483e-02]
  [ 3.71273518e-01 -1.92445349e-02  9.28324163e-01]]

 [[ 9.34728622e-01 -1.95255861e-01  2.96913385e-01]
  [ 2.04475164e-01  9.78871763e-01  5.57826252e-06]
  [-2.90641218e-01  6.07062019e-02  9.54904437e-01]]

 [[ 9.91012335e-01 -1.46613363e-02 -1.32964447e-01]
  [ 1.03265075e-02  9.99394298e-01 -3.32324989e-02]
  [ 1.33371145e-01  3.15607600e-02  9.90563452e-01]]

 [[ 4.94610101e-01  7.75683105e-01 -3.92016143e-01]
  [-7.15528667e-01  6.19459629e-01  3.22937280e-01]
  [ 4.93335128e-01  1.20770745e-01  8.61414492e-01]]

 [[ 5.55905581e-01 -7.36199260e-01  3.85978848e-01]
  [ 8.09081733e-01  5.85725069e-01 -4.80924211e-02]
  [-1.90671891e-01  3.39023262e-01  9.21253204e-01]]

 [[-1.58027336e-01 -3.26114297e-01 -9.32028294e-01]
  [ 3.78818601e-01  8.51642668e-01 -3.62217039e-01]
  [ 9.11879241e-01 -4.10309881e-01 -1.10446634e-02]]

 [[-8.27288926e-02  4.52868372e-01  8.87730956e-01]
  [-1.70323685e-01  8.71252894e-01 -4.60334957e-01]
  [-9.81909275e-01 -1.89284608e-01  5.05641988e-03]]

 [[ 9.15489137e-01 -3.99479032e-01 -4.79185171e-02]
  [ 4.01560694e-01  9.14628446e-01  4.69454899e-02]
  [ 2.50738952e-02 -6.22202754e-02  9.97747481e-01]]

 [[ 9.40217614e-01  3.34262520e-01  6.52642623e-02]
  [-3.36814672e-01  9.41001117e-01  3.27542201e-02]
  [-5.04652336e-02 -5.27780540e-02  9.97330368e-01]]

 [[ 9.65391457e-01  2.43238866e-01 -9.40966606e-02]
  [-2.29545802e-01  9.63724554e-01  1.36175677e-01]
  [ 1.23806462e-01 -1.09863341e-01  9.86205935e-01]]

 [[ 9.67076778e-01 -2.41070345e-01  8.15330744e-02]
  [ 2.21473813e-01  9.55072105e-01  1.96943313e-01]
  [-1.25347152e-01 -1.72401860e-01  9.77018833e-01]]]
[ 0.32572514  0.5322305  -0.21376657 -0.39301464 -0.17580485 -0.02210328
  0.08423899  0.09037225  0.00105573  0.01032764]