[[[-0.7695105  -0.08056071 -0.63353264]
  [-0.1881375  -0.91939265  0.3454293 ]
  [-0.61029327  0.3850027   0.69232583]]]
[[[ 8.72257113e-01 -4.69668746e-01 -1.36304244e-01]
  [ 3.16679478e-01  3.30054730e-01  8.89257014e-01]
  [-3.72668386e-01 -8.18825424e-01  4.36627030e-01]]

 [[ 8.11360538e-01  5.26284873e-01 -2.54398078e-01]
  [-4.09599602e-01  8.22361052e-01  3.94905597e-01]
  [ 4.17039901e-01 -2.16209441e-01  8.82797360e-01]]

 [[ 9.95971382e-01  7.39190355e-02  5.07649966e-02]
  [-1.06259985e-02  6.59416020e-01 -7.51703143e-01]
  [-8.90404209e-02  7.48135328e-01  6.57544971e-01]]

 [[ 9.61305499e-01  2.70052344e-01  5.44374995e-02]
  [-1.19128339e-01  5.85677445e-01 -8.01742017e-01]
  [-2.48395130e-01  7.64234006e-01  5.95185816e-01]]

 [[ 9.76106524e-01 -1.92522496e-01  1.00752831e-01]
  [ 1.85706675e-01  4.98372883e-01 -8.46839666e-01]
  [ 1.12823218e-01  8.45316231e-01  5.22217751e-01]]

 [[ 9.86615658e-01  1.62688240e-01  1.10453675e-02]
  [-1.61993295e-01  9.85638916e-01 -4.76871245e-02]
  [-1.86448786e-02  4.52595912e-02  9.98801172e-01]]

 [[ 9.31240261e-01  2.82806605e-01  2.29808688e-01]
  [-2.78913766e-01  9.59015965e-01 -4.99560460e-02]
  [-2.34518081e-01 -1.75757203e-02  9.71952915e-01]]

 [[ 9.57540870e-01 -3.31896432e-02 -2.86380768e-01]
  [ 9.76731256e-02  9.71952260e-01  2.13936329e-01]
  [ 2.71247983e-01 -2.32824475e-01  9.33925748e-01]]

 [[ 9.90076005e-01  1.31480753e-01  4.96219620e-02]
  [-1.27434164e-01  9.88821328e-01 -7.74145275e-02]
  [-5.92457689e-02  7.03227296e-02  9.95763421e-01]]

 [[ 9.20000434e-01 -3.91916960e-01  5.58866363e-04]
  [ 3.89906734e-01  9.15423930e-01  9.98589098e-02]
  [-3.96480002e-02 -9.16523337e-02  9.95001495e-01]]

 [[ 9.85715687e-01  1.32199928e-01 -1.04344308e-01]
  [-1.16641760e-01  9.82786953e-01  1.43263787e-01]
  [ 1.21487692e-01 -1.29046455e-01  9.84168530e-01]]

 [[ 9.94706631e-01  5.58723025e-02 -8.62383097e-02]
  [-7.72845447e-02  9.59883392e-01 -2.69538462e-01]
  [ 6.77189827e-02  2.74776578e-01  9.59120452e-01]]

 [[ 9.77369249e-01  1.59113094e-01 -1.39400095e-01]
  [-1.32233083e-01  9.73896623e-01  1.84498906e-01]
  [ 1.65117458e-01 -1.61890253e-01  9.72896636e-01]]

 [[ 9.50617611e-01  1.44077346e-01  2.74896115e-01]
  [-1.74159691e-01  9.80756640e-01  8.82312879e-02]
  [-2.56894052e-01 -1.31750032e-01  9.57417011e-01]]

 [[ 9.94165838e-01  8.29113051e-02  6.89924806e-02]
  [-8.94257203e-02  9.91218269e-01  9.74134058e-02]
  [-6.03099354e-02 -1.03014790e-01  9.92849767e-01]]

 [[ 8.52544367e-01  4.56217259e-01 -2.55017340e-01]
  [-3.35747957e-01  8.51985455e-01  4.01738942e-01]
  [ 4.00551289e-01 -2.56878734e-01  8.79529417e-01]]

 [[ 9.04350221e-01 -3.02513778e-01  3.01058322e-01]
  [ 1.62908733e-01  8.96667719e-01  4.11640435e-01]
  [-3.94476146e-01 -3.23222101e-01  8.60183775e-01]]

 [[ 3.77244920e-01 -3.37898403e-01 -8.62270772e-01]
  [ 6.09771430e-01  7.91391075e-01 -4.33467068e-02]
  [ 6.97040200e-01 -5.09435773e-01  5.04589081e-01]]

 [[ 6.72607243e-01  2.25474715e-01  7.04812467e-01]
  [-3.37836772e-01  9.40961838e-01  2.13792026e-02]
  [-6.58381224e-01 -2.52491355e-01  7.09071398e-01]]

 [[ 9.79802907e-01 -1.96979806e-01  3.44252400e-02]
  [ 1.99900404e-01  9.60473716e-01 -1.93726733e-01]
  [ 5.09571424e-03  1.96695656e-01  9.80451286e-01]]

 [[ 9.87789333e-01  1.47680700e-01  4.96250615e-02]
  [-1.34796873e-01  9.69845057e-01 -2.03052461e-01]
  [-7.81155527e-02  1.93883747e-01  9.77909505e-01]]

 [[ 9.80553091e-01  1.82429031e-01 -7.23554194e-02]
  [-1.69607788e-01  9.73208785e-01  1.55234903e-01]
  [ 9.87362787e-02 -1.39944017e-01  9.85224247e-01]]

 [[ 9.88415837e-01 -1.33703321e-01  7.18158409e-02]
  [ 1.19566239e-01  9.77436662e-01  1.74130753e-01]
  [-9.34772938e-02 -1.63526848e-01  9.82100308e-01]]]
[ 0.41722155  0.5570144  -0.12741853 -0.70614755 -0.1452626  -0.21504813
  0.09389418  0.08204472 -0.14551201 -0.01369092]