[[[-0.4196837  -0.04806425 -0.906397  ]
  [-0.04628101 -0.9961649   0.07425368]
  [-0.90648973  0.07311203  0.41584972]]]
[[[ 9.75375414e-01 -1.98156312e-01 -9.68349949e-02]
  [ 1.82980716e-01  4.81932849e-01  8.56889069e-01]
  [-1.23130001e-01 -8.53507340e-01  5.06324232e-01]]

 [[ 9.95311320e-01 -8.61314684e-02  4.40088473e-02]
  [-6.21054415e-03  3.97148311e-01  9.17733431e-01]
  [-9.65237617e-02 -9.13703799e-01  3.94751281e-01]]

 [[ 9.91078556e-01  5.20699471e-02 -1.22687161e-01]
  [-1.32130489e-01  5.04471004e-01 -8.53258848e-01]
  [ 1.74629632e-02  8.61857116e-01  5.06850421e-01]]

 [[ 9.83204365e-01  1.62150949e-01 -8.37634429e-02]
  [-1.45595059e-01  4.20110613e-01 -8.95717204e-01]
  [-1.10051490e-01  8.92868519e-01  4.36662972e-01]]

 [[ 9.31077242e-01 -2.85829544e-01  2.26708248e-01]
  [ 1.06614292e-01 -3.81114185e-01 -9.18360174e-01]
  [ 3.48896176e-01  8.79234612e-01 -3.24373245e-01]]

 [[ 9.95658278e-01 -2.39911918e-02 -8.99389684e-02]
  [ 3.34365033e-02  9.93906736e-01  1.05030335e-01]
  [ 8.68711397e-02 -1.07581571e-01  9.90393639e-01]]

 [[ 9.70320106e-01  1.04128651e-01  2.18256772e-01]
  [-1.04358003e-01  9.94484305e-01 -1.05088251e-02]
  [-2.18147188e-01 -1.25799188e-02  9.75834787e-01]]

 [[ 9.76074159e-01 -4.22277451e-02 -2.13297948e-01]
  [ 8.50697458e-02  9.76931036e-01  1.95879921e-01]
  [ 2.00105801e-01 -2.09338531e-01  9.57149446e-01]]

 [[ 9.91542995e-01 -2.61752624e-02 -1.27111509e-01]
  [ 2.09344868e-02  9.98881698e-01 -4.23922837e-02]
  [ 1.28078982e-01  3.93727571e-02  9.90982115e-01]]

 [[ 9.69792724e-01 -2.43042290e-01  2.07974799e-02]
  [ 2.34773308e-01  9.53129470e-01  1.90855324e-01]
  [-6.62086010e-02 -1.80207402e-01  9.81397867e-01]]

 [[ 9.87163067e-01  8.60780478e-02  1.34535462e-01]
  [-1.15023024e-01  9.67562854e-01  2.24926189e-01]
  [-1.10810317e-01 -2.37513468e-01  9.65043247e-01]]

 [[ 9.85267639e-01 -3.43055901e-04  1.71019211e-01]
  [-1.10681644e-02  9.97773647e-01  6.57668635e-02]
  [-1.70661017e-01 -6.66908324e-02  9.83070314e-01]]

 [[ 8.01469564e-01 -1.12295747e-02 -5.97930074e-01]
  [ 4.99730222e-02  9.97584403e-01  4.82487902e-02]
  [ 5.95943987e-01 -6.85503110e-02  8.00094724e-01]]

 [[ 8.39205801e-01  9.11862627e-02  5.36114573e-01]
  [-1.84067339e-01  9.75282073e-01  1.22246362e-01]
  [-5.11715710e-01 -2.01271012e-01  8.35246801e-01]]

 [[ 9.97594535e-01  5.02066538e-02  4.77957539e-02]
  [-6.35062754e-02  9.38338637e-01  3.39834750e-01]
  [-2.77866293e-02 -3.42052609e-01  9.39269960e-01]]

 [[ 8.91877353e-01  3.24727029e-01 -3.14812928e-01]
  [-1.74880117e-01  8.89523983e-01  4.22094792e-01]
  [ 4.17099237e-01 -3.21402252e-01  8.50134611e-01]]

 [[ 7.72779405e-01 -5.40717721e-01  3.32319647e-01]
  [ 4.65829343e-01  8.38852763e-01  2.81654179e-01]
  [-4.31062669e-01 -6.28523082e-02  9.00130332e-01]]

 [[ 9.57412899e-01 -1.04970656e-01 -2.68964231e-01]
  [ 1.66328445e-01  9.61980820e-01  2.16628179e-01]
  [ 2.35998809e-01 -2.52139002e-01  9.38472450e-01]]

 [[ 6.43804073e-01  2.63036549e-01  7.18559682e-01]
  [-3.07968408e-01  9.48716640e-01 -7.13591799e-02]
  [-7.00479627e-01 -1.75352350e-01  6.91794574e-01]]

 [[ 9.80296075e-01 -1.97286129e-01  9.89073142e-03]
  [ 1.91882506e-01  9.39164281e-01 -2.84871221e-01]
  [ 4.69121151e-02  2.81155974e-01  9.58514810e-01]]

 [[ 9.87745881e-01  1.35389000e-01  7.76397958e-02]
  [-1.21577971e-01  9.79409575e-01 -1.61169782e-01]
  [-9.78617817e-02  1.49755493e-01  9.83868122e-01]]

 [[ 9.90719199e-01  1.15248665e-01 -7.20638558e-02]
  [-9.76058543e-02  9.72184658e-01  2.12908402e-01]
  [ 9.45967883e-02 -2.03898594e-01  9.74410951e-01]]

 [[ 9.82864499e-01 -1.27848700e-01  1.32785410e-01]
  [ 1.15047656e-01  9.88313854e-01  9.99988019e-02]
  [-1.44018382e-01 -8.30086395e-02  9.86087322e-01]]]
[ 0.57612336  0.8125879  -0.6062945  -0.57055295 -0.24350148 -0.07096966
  0.08103637  0.07026201 -0.06001922  0.09988388]