[[[-0.04177948  0.10501732 -0.9935924 ]
  [ 0.12130564 -0.9865708  -0.10937594]
  [-0.9917355  -0.12509803  0.02847922]]]
[[[ 0.9594816  -0.27293453  0.07001183]
  [ 0.20910661  0.85625887  0.47232944]
  [-0.18886328 -0.43855152  0.878637  ]]

 [[ 0.9732317  -0.02028321  0.22892952]
  [-0.21183053  0.30722716  0.9277604 ]
  [-0.08915132 -0.95142007  0.2947066 ]]

 [[ 0.98335254 -0.08335847 -0.16145942]
  [-0.08219182  0.5884166  -0.8043696 ]
  [ 0.16205642  0.8042495   0.57176954]]

 [[ 0.99375564  0.02008036 -0.10975681]
  [-0.08339116  0.787216   -0.6110129 ]
  [ 0.07413295  0.61635023  0.7839749 ]]

 [[ 0.964954   -0.22317366  0.13804807]
  [ 0.13286091 -0.03816792 -0.9903995 ]
  [ 0.22630009  0.97403115 -0.00717923]]

 [[ 0.99289435 -0.0965552  -0.06955553]
  [ 0.09930938  0.9943578   0.03728386]
  [ 0.06556314 -0.04392645  0.9968811 ]]

 [[ 0.97297275  0.10424759  0.20604989]
  [-0.10260011  0.99454695 -0.01869467]
  [-0.20687519 -0.00295134  0.9783629 ]]

 [[ 0.9832316  -0.12352704 -0.13415112]
  [ 0.12916203  0.99103653  0.03411356]
  [ 0.12873472 -0.05086877  0.99037343]]

 [[ 0.9871385  -0.06130649 -0.14764507]
  [ 0.06037077  0.99811745 -0.01081483]
  [ 0.14803015  0.00176229  0.9889813 ]]

 [[ 0.97742075 -0.18643306  0.09945565]
  [ 0.16961375  0.97294104  0.15689784]
  [-0.12601542 -0.13648616  0.9825944 ]]

 [[ 0.98496455  0.16376497  0.05500821]
  [-0.17077063  0.9711077   0.1666944 ]
  [-0.0261202  -0.17358185  0.98447293]]

 [[ 0.9757888   0.01554332  0.21816228]
  [-0.00793649  0.999331   -0.03570091]
  [-0.21857125  0.0331051   0.9752593 ]]

 [[ 0.83568895  0.11218061 -0.5376239 ]
  [-0.08535898  0.99355125  0.07463142]
  [ 0.542529   -0.01647764  0.8398754 ]]

 [[ 0.9033579  -0.13949752  0.40556738]
  [ 0.097651    0.9876881   0.12221459]
  [-0.41762272 -0.07079946  0.905858  ]]

 [[ 0.9937181   0.08501056  0.07278425]
  [-0.09437892  0.9860905   0.13681449]
  [-0.06014117 -0.14282434  0.98791915]]

 [[ 0.8329834   0.4422393  -0.33251044]
  [-0.27142873  0.85029113  0.45092297]
  [ 0.48214653 -0.2853584   0.82831484]]

 [[ 0.68397284 -0.644164    0.34239426]
  [ 0.6364375   0.7563016   0.15151021]
  [-0.3565507   0.11428366  0.92725986]]

 [[ 0.88791156 -0.19864312 -0.4149146 ]
  [ 0.33799374  0.89355206  0.29550797]
  [ 0.31204718 -0.40262341  0.8605353 ]]

 [[ 0.42786384  0.3144593   0.8473771 ]
  [-0.37936434  0.9134278  -0.14741912]
  [-0.8203751  -0.25838932  0.51011735]]

 [[ 0.97368723 -0.22535251  0.03390345]
  [ 0.22734952  0.9503475  -0.21248959]
  [ 0.01566501  0.21460633  0.976575  ]]

 [[ 0.9893436   0.141606    0.03386891]
  [-0.14148462  0.9899225  -0.0059669 ]
  [-0.03437254  0.00111139  0.99940854]]

 [[ 0.984769    0.16008149 -0.06785112]
  [-0.14413552  0.9698875   0.19632417]
  [ 0.09723581 -0.18355423  0.9781886 ]]

 [[ 0.97422725 -0.17024961  0.14797404]
  [ 0.15579693  0.9822574   0.10439206]
  [-0.1631213  -0.07864769  0.9834663 ]]]
[ 0.5020191   0.63160425 -0.66448414 -0.63039243 -0.23395967 -0.0102261
  0.01666638  0.04377905  0.05378483  0.03587186]