[[[-0.80994326 -0.04568794 -0.584726  ]
  [-0.17170282 -0.93481135  0.31087914]
  [-0.56081194  0.35219356  0.7492994 ]]]
[[[ 0.8288737  -0.52758074 -0.18608366]
  [ 0.34316474  0.21679288  0.9139141 ]
  [-0.44182178 -0.82137656  0.36074102]]

 [[ 0.7745697   0.6076994  -0.1753378 ]
  [-0.5567789   0.7866468   0.26680347]
  [ 0.30006522 -0.10903348  0.94766694]]

 [[ 0.9950296   0.02920324  0.09520073]
  [ 0.04255377  0.7396401  -0.671656  ]
  [-0.09002879  0.67236876  0.7347211 ]]

 [[ 0.9356552   0.3466589   0.06615846]
  [-0.1023791   0.44601858 -0.889149  ]
  [-0.33773923  0.82516366  0.45281023]]

 [[ 0.93031573  0.14677979  0.33610767]
  [ 0.05741147  0.84684557 -0.5287312 ]
  [-0.3622383   0.5111834   0.7794069 ]]

 [[ 0.9915706   0.12954848  0.00221263]
  [-0.12902287  0.98882365 -0.07470538]
  [-0.01186587  0.07379018  0.9972032 ]]

 [[ 0.92766595  0.34340957  0.14664882]
  [-0.34285778  0.93891364 -0.02982965]
  [-0.14793435 -0.02260773  0.98873883]]

 [[ 0.9559753  -0.16779475 -0.24074079]
  [ 0.20112592  0.9720438   0.12115756]
  [ 0.21368101 -0.16424285  0.96299773]]

 [[ 0.9886574   0.1349747   0.06586579]
  [-0.13346258  0.99068975 -0.02686169]
  [-0.06887821  0.0177664   0.99746686]]

 [[ 0.87643605 -0.47270098  0.09172536]
  [ 0.46202785  0.8792099   0.1162765 ]
  [-0.13560987 -0.05952926  0.98897225]]

 [[ 0.95495725  0.26273328 -0.13794173]
  [-0.23089807  0.9498839   0.21072899]
  [ 0.18639414 -0.16938668  0.9677631 ]]

 [[ 0.9934369   0.01281431 -0.1136618 ]
  [-0.0408654   0.9678835  -0.24805546]
  [ 0.10683272  0.25107226  0.96205485]]

 [[ 0.96822935  0.23560476 -0.08379919]
  [-0.22263049  0.9647714   0.14018497]
  [ 0.11387531 -0.11707494  0.9865728 ]]

 [[ 0.9373679   0.16124542  0.30877396]
  [-0.19978046  0.97499424  0.09733478]
  [-0.28535804 -0.1529255   0.946142  ]]

 [[ 0.98772174  0.08414508  0.13162568]
  [-0.08878484  0.99560565  0.02977681]
  [-0.1285417  -0.04109756  0.9908522 ]]

 [[ 0.7644296   0.6168516  -0.18746044]
  [-0.55890596  0.77899784  0.28422976]
  [ 0.32135886 -0.11250091  0.9402511 ]]

 [[ 0.7884586  -0.29986647  0.537041  ]
  [ 0.10198538  0.9247614   0.36662683]
  [-0.60657394 -0.23429975  0.75971806]]

 [[ 0.24589536 -0.36790112 -0.8967632 ]
  [ 0.60924655  0.77823436 -0.15221676]
  [ 0.75389266 -0.5089205   0.41550672]]

 [[ 0.24041566  0.24115132  0.9402375 ]
  [-0.46698594  0.8779174  -0.10576073]
  [-0.85095507 -0.4136511   0.32367936]]

 [[ 0.98508143 -0.17117313  0.01772985]
  [ 0.17111608  0.9852397   0.00469708]
  [-0.01827216 -0.00159315  0.9998318 ]]

 [[ 0.98006016  0.19835174 -0.01178079]
  [-0.19851018  0.9747954  -0.10182136]
  [-0.00871259  0.10212965  0.994733  ]]

 [[ 0.98113203  0.17532444 -0.0814941 ]
  [-0.16535613  0.9793637   0.11620709]
  [ 0.1001863  -0.10053894  0.98987603]]

 [[ 0.9902141  -0.13213265  0.04491037]
  [ 0.12367823  0.97995     0.15621042]
  [-0.06465041 -0.14912733  0.98670226]]]
[ 0.26601633  0.59204626 -0.1058335  -0.71369815 -0.15129793 -0.15297252
  0.12576136  0.09160104 -0.13537708 -0.01446015]