[[[ 0.24088815  0.20111258 -0.9494875 ]
  [ 0.06488338 -0.97944397 -0.19099656]
  [-0.96838164 -0.01559715 -0.2489853 ]]]
[[[ 0.9350984  -0.35219818 -0.03933666]
  [ 0.30011314  0.72796065  0.6164458 ]
  [-0.18847555 -0.58824295  0.78641415]]

 [[ 0.98198056  0.02435007  0.18740648]
  [-0.17005418  0.54642963  0.8200586 ]
  [-0.082436   -0.8371509   0.5407241 ]]

 [[ 0.9859783  -0.03342894 -0.16349094]
  [-0.1057686   0.6326072  -0.76721656]
  [ 0.12907279  0.7737511   0.6202013 ]]

 [[ 0.9953892   0.03133098 -0.09065677]
  [-0.09251634  0.5630827  -0.8212056 ]
  [ 0.02531809  0.82580644  0.56338507]]

 [[ 0.9807756  -0.14004648  0.13589072]
  [ 0.17531343  0.32653385 -0.9287846 ]
  [ 0.08570009  0.9347527   0.34480846]]

 [[ 0.9795531  -0.14793365 -0.13634992]
  [ 0.15026215  0.9886222   0.00688865]
  [ 0.1337795  -0.02723603  0.99063677]]

 [[ 0.9643766   0.15026186  0.21771319]
  [-0.14242081  0.9884726  -0.0513631 ]
  [-0.22292146  0.01852648  0.9746603 ]]

 [[ 0.9784291  -0.13658611 -0.15498602]
  [ 0.13336803  0.99058086 -0.03102494]
  [ 0.15776376  0.00968553  0.9874293 ]]

 [[ 0.98033375 -0.09624757 -0.17228541]
  [ 0.09267736  0.9952834  -0.02866682]
  [ 0.17423193  0.0121361   0.98462987]]

 [[ 0.9732441  -0.2245678   0.04863394]
  [ 0.21166347  0.95858634  0.19055411]
  [-0.08941215 -0.17516163  0.98047125]]

 [[ 0.98281217  0.1828998   0.0250602 ]
  [-0.18452595  0.9692153   0.16300887]
  [ 0.00552557 -0.16483134  0.9863063 ]]

 [[ 0.98682415  0.06746498  0.14705975]
  [-0.03656116  0.97839063 -0.2035069 ]
  [-0.15761147  0.19544885  0.9679661 ]]

 [[ 0.82594836 -0.02652561 -0.5631214 ]
  [ 0.05356535  0.9980657   0.03155255]
  [ 0.5611952  -0.05622457  0.8257716 ]]

 [[ 0.9409738  -0.1047334   0.3218684 ]
  [ 0.07129676  0.9909188   0.11400286]
  [-0.33088535 -0.08432552  0.9398958 ]]

 [[ 0.9971811   0.04929956 -0.05656355]
  [-0.0455686   0.99681455  0.06545436]
  [ 0.05961024 -0.06269232  0.99625117]]

 [[ 0.7996145   0.42248583 -0.42675805]
  [-0.21337269  0.8641693   0.45572293]
  [ 0.56132776 -0.2733441   0.7811492 ]]

 [[ 0.72865754 -0.648822    0.21929014]
  [ 0.64234376  0.7585053   0.10983724]
  [-0.23759753  0.06082592  0.9694574 ]]

 [[ 0.8575102  -0.1639377  -0.4876482 ]
  [ 0.30283868  0.9270979   0.2208579 ]
  [ 0.4158907  -0.33706662  0.8446426 ]]

 [[ 0.33516997  0.37951517  0.8623394 ]
  [-0.46647236  0.8620694  -0.19809012]
  [-0.8185747  -0.33586365  0.4659731 ]]

 [[ 0.9803586  -0.196598    0.01569536]
  [ 0.19564538  0.9593819  -0.20324665]
  [ 0.02490005  0.2023253   0.97900176]]

 [[ 0.9858983   0.16348279  0.03574677]
  [-0.1650108   0.9852623   0.04505194]
  [-0.02785473 -0.05031524  0.99834484]]

 [[ 0.9876409   0.13859111 -0.07319828]
  [-0.12462534  0.9776239   0.16947001]
  [ 0.09504742 -0.15825315  0.9828133 ]]

 [[ 0.9776307  -0.17989692  0.10897417]
  [ 0.16616878  0.97824746  0.12417646]
  [-0.12894267 -0.10329061  0.986258  ]]]
[ 0.4911206   0.57837903 -0.5264064  -0.6747322  -0.27025557  0.05454794
  0.04155377  0.05463353  0.04379906  0.03505129]