[[[-0.13592695  0.07161126 -0.98812723]
  [ 0.15874723 -0.9829226  -0.09307135]
  [-0.97791773 -0.16951336  0.12223758]]]
[[[ 0.9604379  -0.27797    -0.01707878]
  [ 0.23052698  0.75910956  0.6087774 ]
  [-0.15625718 -0.58863     0.79315716]]

 [[ 0.977155   -0.03801913  0.20909917]
  [-0.1866503   0.31698447  0.929883  ]
  [-0.10163455 -0.94766843  0.3026467 ]]

 [[ 0.9899644  -0.06936523 -0.12312183]
  [-0.06769489  0.53200805 -0.84402907]
  [ 0.12404805  0.84389335  0.5219734 ]]

 [[ 0.9926009   0.02797663 -0.11815541]
  [-0.10924597  0.63049513 -0.7684667 ]
  [ 0.0529973   0.77568877  0.6288864 ]]

 [[ 0.96550167 -0.20117927  0.16532807]
  [ 0.14510055 -0.11154573 -0.983109  ]
  [ 0.2162228   0.9731827  -0.07850637]]

 [[ 0.99530894 -0.07867882 -0.05630025]
  [ 0.08111549  0.995803    0.04238626]
  [ 0.05272906 -0.04675425  0.9975137 ]]

 [[ 0.96834356  0.08965352  0.2329656 ]
  [-0.09390073  0.9955557   0.00718172]
  [-0.23128636 -0.02883001  0.9724585 ]]

 [[ 0.9835993  -0.06512895 -0.1681982 ]
  [ 0.08271587  0.99156743  0.0997605 ]
  [ 0.16028255 -0.11203702  0.9806922 ]]

 [[ 0.9909823  -0.06170617 -0.11893849]
  [ 0.06081768  0.9980873  -0.01108886]
  [ 0.11939525  0.0037553   0.99283963]]

 [[ 0.9799721  -0.18236846  0.07997715]
  [ 0.16932999  0.974494    0.14727098]
  [-0.10479485 -0.13077892  0.98585737]]

 [[ 0.9918674   0.11418839  0.05621304]
  [-0.12235019  0.977121    0.17396836]
  [-0.03506177 -0.17943124  0.9831455 ]]

 [[ 0.97801375  0.00428748  0.20849621]
  [ 0.00997706  0.9976818  -0.06731655]
  [-0.20830148  0.06791669  0.9757037 ]]

 [[ 0.8130653   0.0712361  -0.5777979 ]
  [-0.0319349   0.9964486   0.07791293]
  [ 0.5812961  -0.04489636  0.8124527 ]]

 [[ 0.8492055  -0.06645334  0.52386445]
  [-0.00358894  0.9913008   0.13156648]
  [-0.5280503  -0.11360711  0.8415796 ]]

 [[ 0.99451995  0.06835104  0.07910892]
  [-0.08440325  0.9714469   0.22173657]
  [-0.06169419 -0.2271985   0.97189236]]

 [[ 0.85249245  0.40810663 -0.32665828]
  [-0.25485128  0.87007546  0.4219235 ]
  [ 0.45640716 -0.27643728  0.84573925]]

 [[ 0.6787949  -0.5901187   0.43703255]
  [ 0.53539467  0.80504066  0.25546458]
  [-0.5025833   0.06057684  0.8624039 ]]

 [[ 0.9342268  -0.1668131  -0.31526753]
  [ 0.2573687   0.9272287   0.27204472]
  [ 0.24694447 -0.33529148  0.9091744 ]]

 [[ 0.522739    0.29766908  0.7988348 ]
  [-0.35509783  0.9279251  -0.11340411]
  [-0.77501583 -0.22438376  0.5907643 ]]

 [[ 0.9787963  -0.20103699  0.03926807]
  [ 0.20461802  0.9507743  -0.23272249]
  [ 0.00945076  0.23582286  0.9717502 ]]

 [[ 0.9892081   0.14617021  0.01007992]
  [-0.14536148  0.9877035  -0.0575487 ]
  [-0.01836788  0.05546241  0.99829185]]

 [[ 0.9881136   0.13931504 -0.06498378]
  [-0.12351055  0.97115624  0.20396227]
  [ 0.09152442 -0.1935117   0.9768196 ]]

 [[ 0.9809775  -0.14580305  0.12815891]
  [ 0.1313242   0.9846465   0.11500081]
  [-0.14295869 -0.09598283  0.9850635 ]]]
[ 0.57068306  0.5549568  -0.6683227  -0.6761112  -0.23449278  0.06168196
  0.03061062  0.01202691  0.05523558  0.01755452]