[[[ 0.09511504  0.16437502 -0.98180133]
  [ 0.10084256 -0.98279023 -0.15477113]
  [-0.9903453  -0.08428629 -0.11005413]]]
[[[ 9.46532607e-01 -3.21376115e-01  2.81672440e-02]
  [ 2.55597502e-01  8.00332427e-01  5.42344868e-01]
  [-1.96839839e-01 -5.06147623e-01  8.39683652e-01]]

 [[ 9.79329348e-01 -1.29780909e-02  2.01855257e-01]
  [-1.77941352e-01  4.19248044e-01  8.90262842e-01]
  [-9.61813405e-02 -9.07778978e-01  4.08272564e-01]]

 [[ 9.84971464e-01 -6.15769066e-02 -1.61367953e-01]
  [-9.49121043e-02  5.87608159e-01 -8.03559840e-01]
  [ 1.44301862e-01  8.06799173e-01  5.72932899e-01]]

 [[ 9.94528711e-01  2.56387852e-02 -1.01267643e-01]
  [-9.28595364e-02  6.61022663e-01 -7.44597912e-01]
  [ 4.78496477e-02  7.49927759e-01  6.59786820e-01]]

 [[ 9.70918834e-01 -2.01926976e-01  1.28616422e-01]
  [ 1.53282717e-01  1.11635499e-01 -9.81856406e-01]
  [ 1.83905110e-01  9.73017454e-01  1.39340922e-01]]

 [[ 9.87214983e-01 -1.29024744e-01 -9.35905799e-02]
  [ 1.30814269e-01  9.91318822e-01  1.32188005e-02]
  [ 9.10725445e-02 -2.52927803e-02  9.95523095e-01]]

 [[ 9.64521289e-01  1.03570975e-01  2.42840827e-01]
  [-1.04462527e-01  9.94485974e-01 -9.23862495e-03]
  [-2.42458612e-01 -1.64569207e-02  9.70022202e-01]]

 [[ 9.80048180e-01 -1.06451139e-01 -1.67850107e-01]
  [ 1.10724576e-01  9.93717730e-01  1.62824821e-02]
  [ 1.65062353e-01 -3.45427468e-02  9.85678017e-01]]

 [[ 9.83881712e-01 -8.94163549e-02 -1.54859707e-01]
  [ 8.77400190e-02  9.95987236e-01 -1.76401250e-02]
  [ 1.55815601e-01  3.76840238e-03  9.87779021e-01]]

 [[ 9.80605185e-01 -1.85108960e-01  6.44054934e-02]
  [ 1.73155308e-01  9.72175539e-01  1.57772198e-01]
  [-9.18184817e-02 -1.43560097e-01  9.85372961e-01]]

 [[ 9.88972366e-01  1.43016994e-01  3.84677649e-02]
  [-1.47258535e-01  9.77252543e-01  1.52618811e-01]
  [-1.57656334e-02 -1.56600505e-01  9.87536252e-01]]

 [[ 9.83809769e-01  3.28066535e-02  1.76187456e-01]
  [-4.76478366e-03  9.87542987e-01 -1.57277569e-01]
  [-1.79152414e-01  1.53891727e-01  9.71710742e-01]]

 [[ 8.20983827e-01  3.10876537e-02 -5.70104599e-01]
  [ 3.67642730e-03  9.98208046e-01  5.97262643e-02]
  [ 5.70939720e-01 -5.11302277e-02  8.19398344e-01]]

 [[ 9.16041315e-01 -1.07501082e-01  3.86408955e-01]
  [ 6.56120330e-02  9.90597785e-01  1.20046370e-01]
  [-3.95680964e-01 -8.46143439e-02  9.14481878e-01]]

 [[ 9.99057829e-01  4.33890074e-02 -8.64802685e-04]
  [-4.29340526e-02  9.91093874e-01  1.26054093e-01]
  [ 6.32646726e-03 -1.25898212e-01  9.92022932e-01]]

 [[ 8.30310583e-01  3.93597901e-01 -3.94544095e-01]
  [-1.95366636e-01  8.68600965e-01  4.55372602e-01]
  [ 5.21935105e-01 -3.01019937e-01  7.98104465e-01]]

 [[ 7.27705121e-01 -6.31620049e-01  2.67397493e-01]
  [ 6.15781903e-01  7.73334682e-01  1.50884300e-01]
  [-3.02089334e-01  5.48592694e-02  9.51699793e-01]]

 [[ 9.10732329e-01 -1.71803892e-01 -3.75566483e-01]
  [ 2.83756554e-01  9.21042502e-01  2.66763866e-01]
  [ 3.00081611e-01 -3.49519879e-01  8.87573659e-01]]

 [[ 5.19286931e-01  3.37273449e-01  7.85231054e-01]
  [-4.01816934e-01  9.07289505e-01 -1.23971656e-01]
  [-7.54244208e-01 -2.51142263e-01  6.06665790e-01]]

 [[ 9.79808927e-01 -1.97492972e-01  3.11626773e-02]
  [ 1.99168459e-01  9.50468540e-01 -2.38624275e-01]
  [ 1.75074693e-02  2.40012780e-01  9.70611930e-01]]

 [[ 9.90467966e-01  1.36612222e-01  1.76164713e-02]
  [-1.36705831e-01  9.90602791e-01  4.21875808e-03]
  [-1.68745890e-02 -6.58681896e-03  9.99836028e-01]]

 [[ 9.88501310e-01  1.36728927e-01 -6.45781904e-02]
  [-1.22765191e-01  9.75007474e-01  1.85173377e-01]
  [ 8.82827714e-02 -1.75116181e-01  9.80581701e-01]]

 [[ 9.78458583e-01 -1.62400067e-01  1.27455577e-01]
  [ 1.47458509e-01  9.81876254e-01  1.19058989e-01]
  [-1.44480795e-01 -9.76998955e-02  9.84672546e-01]]]
[ 0.553969    0.6133946  -0.66758716 -0.7216587  -0.2606297   0.0538905
  0.01719734  0.03061828  0.07850711  0.0202952 ]