[[[-0.4694836  -0.05058613 -0.8814909 ]
  [-0.09270503 -0.99001503  0.10618887]
  [-0.8780609   0.13157257  0.46010625]]]
[[[ 9.73950207e-01 -2.06497431e-01 -9.37012136e-02]
  [ 1.84235990e-01  4.79675144e-01  8.57886314e-01]
  [-1.32205173e-01 -8.52801621e-01  5.05223989e-01]]

 [[ 9.90712821e-01 -1.28984913e-01  4.30219248e-02]
  [ 2.06263345e-02  4.55311447e-01  8.90093267e-01]
  [-1.34396970e-01 -8.80939543e-01  4.53743368e-01]]

 [[ 9.91396129e-01  5.80327138e-02 -1.17328376e-01]
  [-1.30433053e-01  5.13294935e-01 -8.48242640e-01]
  [ 1.09982388e-02  8.56247962e-01  5.16448021e-01]]

 [[ 9.79484081e-01  1.89011380e-01 -6.98975027e-02]
  [-1.48188248e-01  4.40491080e-01 -8.85442138e-01]
  [-1.36569425e-01  8.77634466e-01  4.59463269e-01]]

 [[ 9.38410580e-01 -2.51479387e-01  2.36946538e-01]
  [ 1.22464046e-01 -3.99168938e-01 -9.08662081e-01]
  [ 3.23091477e-01  8.81715596e-01 -3.43787163e-01]]

 [[ 9.96960044e-01  8.43738206e-04 -7.79096335e-02]
  [ 5.98903978e-03  9.96152997e-01  8.74260068e-02]
  [ 7.76836798e-02 -8.76268446e-02  9.93119657e-01]]

 [[ 9.67658162e-01  1.03417501e-01  2.30091900e-01]
  [-9.93512720e-02  9.94623303e-01 -2.92200949e-02]
  [-2.31876642e-01  5.41512761e-03  9.72730041e-01]]

 [[ 9.77007270e-01 -1.98839344e-02 -2.12276727e-01]
  [ 6.44325912e-02  9.76623774e-01  2.05071911e-01]
  [ 2.03236848e-01 -2.14034289e-01  9.55449700e-01]]

 [[ 9.92989600e-01 -1.26593523e-02 -1.17521718e-01]
  [ 8.42231233e-03  9.99298871e-01 -3.64801399e-02]
  [ 1.17901139e-01  3.52345966e-02  9.92399991e-01]]

 [[ 9.73280609e-01 -2.29309931e-01  1.19099403e-02]
  [ 2.23514810e-01  9.58011627e-01  1.79596260e-01]
  [-5.25930710e-02 -1.72135502e-01  9.83668327e-01]]

 [[ 9.91838217e-01  3.87526453e-02  1.21470414e-01]
  [-6.70015365e-02  9.68961656e-01  2.37957940e-01]
  [-1.08478688e-01 -2.44154513e-01  9.63649690e-01]]

 [[ 9.90403712e-01 -1.75455678e-03  1.38193384e-01]
  [ 6.05061359e-04  9.99964893e-01  8.35958868e-03]
  [-1.38203204e-01 -8.19575135e-03  9.90369976e-01]]

 [[ 8.03095460e-01 -1.65388864e-02 -5.95620811e-01]
  [ 7.00922236e-02  9.95296597e-01  6.68708086e-02]
  [ 5.91713428e-01 -9.54520255e-02  8.00477445e-01]]

 [[ 8.32647324e-01  1.15877539e-01  5.41544795e-01]
  [-2.19880879e-01  9.66659248e-01  1.31234154e-01]
  [-5.08282125e-01 -2.28347138e-01  8.30365479e-01]]

 [[ 9.96842504e-01  5.66332154e-02  5.56579307e-02]
  [-7.34752268e-02  9.23656404e-01  3.76111895e-01]
  [-3.01083904e-02 -3.79013777e-01  9.24901128e-01]]

 [[ 8.75842869e-01  3.47487032e-01 -3.34891170e-01]
  [-1.88560694e-01  8.85178626e-01  4.25327837e-01]
  [ 4.44234371e-01 -3.09373021e-01  8.40799809e-01]]

 [[ 7.74064660e-01 -5.16946435e-01  3.65499943e-01]
  [ 4.23743486e-01  8.51965070e-01  3.07566166e-01]
  [-4.70388442e-01 -8.31978917e-02  8.78528714e-01]]

 [[ 9.28531349e-01 -1.44549966e-01 -3.41957241e-01]
  [ 2.17155561e-01  9.58549917e-01  1.84459865e-01]
  [ 3.01119447e-01 -2.45534703e-01  9.21433449e-01]]

 [[ 5.92986524e-01  2.83752322e-01  7.53559232e-01]
  [-3.27997565e-01  9.39810514e-01 -9.57792103e-02]
  [-7.35380590e-01 -1.90369830e-01  6.50365055e-01]]

 [[ 9.75076258e-01 -2.20996156e-01  1.96702648e-02]
  [ 2.16624662e-01  9.29112434e-01 -2.99706280e-01]
  [ 4.79580462e-02  2.96497554e-01  9.53828692e-01]]

 [[ 9.84665990e-01  1.65650770e-01  5.47055341e-02]
  [-1.54583409e-01  9.73854482e-01 -1.66467518e-01]
  [-8.08506981e-02  1.55458331e-01  9.84528244e-01]]

 [[ 9.91042078e-01  1.13100529e-01 -7.10209981e-02]
  [-9.66279507e-02  9.74343181e-01  2.03269199e-01]
  [ 9.21886861e-02 -1.94585681e-01  9.76543784e-01]]

 [[ 9.85521257e-01 -1.20982781e-01  1.18790090e-01]
  [ 1.09844543e-01  9.89279270e-01  9.62334871e-02]
  [-1.29159138e-01 -8.17916989e-02  9.88245070e-01]]]
[ 0.50874114  0.6549259  -0.50660646 -0.55630004 -0.23424113 -0.037178
  0.08761171  0.02497035 -0.06014323  0.08999079]