[[[-0.63129133 -0.09206093 -0.7700624 ]
  [-0.25766036 -0.9116328   0.3202137 ]
  [-0.7314933   0.40056267  0.5517854 ]]]
[[[ 0.95518893 -0.28202325 -0.08987204]
  [ 0.17359832  0.287836    0.9418143 ]
  [-0.2397451  -0.9152122   0.3238965 ]]

 [[ 0.99372417  0.10190313 -0.04613089]
  [-0.04561965  0.7457535   0.6646581 ]
  [ 0.10213303 -0.65838236  0.7457221 ]]

 [[ 0.98585474  0.16038533 -0.04865093]
  [-0.1399922   0.62838864 -0.7651992 ]
  [-0.09215504  0.761186    0.64195263]]

 [[ 0.9547028   0.29656485  0.02432632]
  [-0.12053078  0.4601653  -0.87961364]
  [-0.2720566   0.8368376   0.47506627]]

 [[ 0.9584027  -0.21387975  0.1889966 ]
  [ 0.15379135 -0.17084996 -0.9732207 ]
  [ 0.24044226  0.9618034  -0.13085021]]

 [[ 0.99593043  0.08613769 -0.02651265]
  [-0.08508845  0.99563146  0.03844314]
  [ 0.02970823 -0.03603077  0.998909  ]]

 [[ 0.9638058   0.18029827  0.1963949 ]
  [-0.17458633  0.9835591  -0.04616548]
  [-0.20148954  0.01020669  0.97943753]]

 [[ 0.98046017 -0.03243573 -0.19402488]
  [ 0.07574294  0.97251624  0.22017087]
  [ 0.18155092 -0.2305648   0.9559702 ]]

 [[ 0.9981524   0.05069465 -0.03349249]
  [-0.05378713  0.99363214 -0.09900605]
  [ 0.02826014  0.1006246   0.994523  ]]

 [[ 0.93462354 -0.35555822 -0.00755991]
  [ 0.3508621   0.91839033  0.18290712]
  [-0.05809118 -0.17360179  0.9831011 ]]

 [[ 0.9938944   0.10874429 -0.01867309]
  [-0.1007731   0.963577    0.24771833]
  [ 0.04493091 -0.24432409  0.96865225]]

 [[ 0.99874634  0.04818367 -0.01356837]
  [-0.04920993  0.9947492  -0.08973525]
  [ 0.00917336  0.09029045  0.9958732 ]]

 [[ 0.90400946 -0.00678493 -0.42745858]
  [ 0.07460234  0.9870362   0.1421056 ]
  [ 0.42095292 -0.16035421  0.8927963 ]]

 [[ 0.8869039   0.20706321  0.4129483 ]
  [-0.27537876  0.9547037   0.11272717]
  [-0.3709016  -0.21369536  0.9037512 ]]

 [[ 0.9988825   0.03642224  0.03012049]
  [-0.04139959  0.9817095   0.18582962]
  [-0.02280124 -0.18686892  0.9821203 ]]

 [[ 0.8160382   0.41041732 -0.40698817]
  [-0.20637628  0.8646121   0.45809904]
  [ 0.5398987  -0.28983358  0.7902569 ]]

 [[ 0.8881737  -0.33242893  0.31723586]
  [ 0.20588954  0.9051038   0.37201688]
  [-0.41080058 -0.26510003  0.87233305]]

 [[ 0.34752724 -0.28666243 -0.8927762 ]
  [ 0.62741417  0.7786642  -0.00579117]
  [ 0.69683295 -0.55812794  0.4504631 ]]

 [[ 0.32774022  0.3033058   0.89475805]
  [-0.48582393  0.8663615  -0.11572785]
  [-0.8102848  -0.3967662   0.43129474]]

 [[ 0.95378774 -0.29893765 -0.03041788]
  [ 0.2906203   0.94346905 -0.15939264]
  [ 0.07634679  0.14318669  0.98674655]]

 [[ 0.97516525  0.2006847   0.09369264]
  [-0.19100857  0.97618145 -0.1028866 ]
  [-0.11210876  0.08243535  0.99027073]]

 [[ 0.98269355  0.16318174 -0.08766434]
  [-0.14992033  0.9785898   0.1410177 ]
  [ 0.10879893 -0.12543453  0.98611814]]

 [[ 0.9869936  -0.13137956  0.09264481]
  [ 0.12180864  0.98726285  0.10234594]
  [-0.10491095 -0.08972984  0.9904253 ]]]
[ 0.44963205  0.92712796 -0.26958126 -0.64535296 -0.2602172  -0.2905553
  0.17956565  0.19415951 -0.14719489  0.1917035 ]