[[[-0.71153325 -0.08204237 -0.69784635]
  [-0.2643745  -0.88892114  0.37406576]
  [-0.6510197   0.450653    0.61080706]]]
[[[ 9.27030444e-01 -3.59078228e-01 -1.08061984e-01]
  [ 2.10157067e-01  2.58838177e-01  9.42781389e-01]
  [-3.10561746e-01 -8.96697044e-01  3.15413684e-01]]

 [[ 9.69287276e-01  2.35942841e-01 -6.93765432e-02]
  [-1.61875218e-01  8.24458122e-01  5.42277873e-01]
  [ 1.85144618e-01 -5.14392734e-01  8.37330043e-01]]

 [[ 9.91786957e-01  1.26617938e-01 -1.80714447e-02]
  [-9.68374014e-02  6.51074171e-01 -7.52811372e-01]
  [-8.35535824e-02  7.48378456e-01  6.57988250e-01]]

 [[ 9.41455185e-01  3.34494740e-01  4.21351045e-02]
  [-1.17893249e-01  4.43722934e-01 -8.88375521e-01]
  [-3.15853298e-01  8.31398308e-01  4.57179934e-01]]

 [[ 9.74549651e-01 -1.46268159e-01  1.69878349e-01]
  [ 1.74039990e-01  1.60461813e-02 -9.84607875e-01]
  [ 1.41290873e-01  9.89114821e-01  4.10943106e-02]]

 [[ 9.90390062e-01  1.38098255e-01 -7.51376059e-03]
  [-1.37766227e-01  9.89872336e-01  3.42519842e-02]
  [ 1.21678039e-02 -3.28876823e-02  9.99384999e-01]]

 [[ 9.58348334e-01  2.11609364e-01  1.91806838e-01]
  [-2.08336204e-01  9.77345288e-01 -3.73121649e-02]
  [-1.95357114e-01 -4.20226064e-03  9.80723143e-01]]

 [[ 9.74071264e-01 -1.79993808e-02 -2.25524023e-01]
  [ 7.74512812e-02  9.63127911e-01  2.57654816e-01]
  [ 2.12570831e-01 -2.68441290e-01  9.39549327e-01]]

 [[ 9.95328069e-01  9.64291915e-02 -4.83629014e-03]
  [-9.64882076e-02  9.91641641e-01 -8.56556073e-02]
  [-3.46383196e-03  8.57220814e-02  9.96313035e-01]]

 [[ 9.26108003e-01 -3.77258301e-01 -2.90834985e-04]
  [ 3.71091247e-01  9.10829604e-01  1.80778280e-01]
  [-6.79352060e-02 -1.67528152e-01  9.83523846e-01]]

 [[ 9.93113756e-01  1.12949625e-01 -3.11047193e-02]
  [-1.03043355e-01  9.68472838e-01  2.26809591e-01]
  [ 5.57421222e-02 -2.22042575e-01  9.73442435e-01]]

 [[ 9.97723579e-01  4.61061783e-02 -4.92120087e-02]
  [-5.37569299e-02  9.84387338e-01 -1.67606100e-01]
  [ 4.07159999e-02  1.69870064e-01  9.84624982e-01]]

 [[ 9.62165058e-01  8.56470615e-02 -2.58656234e-01]
  [-4.05133553e-02  9.83728945e-01  1.75031409e-01]
  [ 2.69438565e-01 -1.57930061e-01  9.49979484e-01]]

 [[ 9.11319435e-01  2.36664847e-01  3.36877644e-01]
  [-2.87902355e-01  9.51257527e-01  1.10549919e-01]
  [-2.94294149e-01 -1.97734177e-01  9.35035825e-01]]

 [[ 9.96322989e-01  4.33237925e-02  7.39150345e-02]
  [-5.23264110e-02  9.90830302e-01  1.24568403e-01]
  [-6.78404793e-02 -1.27978086e-01  9.89453971e-01]]

 [[ 8.48405719e-01  4.32738513e-01 -3.04868877e-01]
  [-2.79017597e-01  8.55010211e-01  4.37157482e-01]
  [ 4.49840903e-01 -2.85823166e-01  8.46137226e-01]]

 [[ 9.15331781e-01 -2.26234049e-01  3.33145410e-01]
  [ 8.15933421e-02  9.14309382e-01  3.96712512e-01]
  [-3.94347876e-01 -3.35941136e-01  8.55355620e-01]]

 [[ 3.37572336e-01 -3.18571150e-01 -8.85752439e-01]
  [ 6.85544372e-01  7.28030622e-01 -5.74338774e-04]
  [ 6.45037830e-01 -6.07028723e-01  4.64157641e-01]]

 [[ 5.36283255e-01  2.55302668e-01  8.04500282e-01]
  [-4.89643753e-01  8.70478630e-01  5.01581542e-02]
  [-6.87494874e-01 -4.20817584e-01  5.91830492e-01]]

 [[ 9.64635074e-01 -2.63212323e-01 -1.40870446e-02]
  [ 2.59974152e-01  9.58866894e-01 -1.13963470e-01]
  [ 4.35041897e-02  1.06270887e-01  9.93385017e-01]]

 [[ 9.81855929e-01  1.78754807e-01  6.32903874e-02]
  [-1.70523658e-01  9.78303373e-01 -1.17660694e-01]
  [-8.29496235e-02  1.04733333e-01  9.91034865e-01]]

 [[ 9.80444670e-01  1.81102350e-01 -7.70077184e-02]
  [-1.69511452e-01  9.75956857e-01  1.37018427e-01]
  [ 9.99705717e-02 -1.21285297e-01  9.87570643e-01]]

 [[ 9.86448169e-01 -1.37041837e-01  9.02192965e-02]
  [ 1.26285285e-01  9.85218525e-01  1.15743227e-01]
  [-1.04747385e-01 -1.02781333e-01  9.89173353e-01]]]
[ 0.47905523  0.8999537  -0.23542412 -0.77660227 -0.23883617 -0.29545736
  0.17740679  0.16073647 -0.16044596  0.15016215]