[[[-0.7537888  -0.05894459 -0.65446764]
  [-0.2351949  -0.905787    0.35246742]
  [-0.61358434  0.41961345  0.66890866]]]
[[[ 0.90537566 -0.40610814 -0.12398034]
  [ 0.24340035  0.25712195  0.93522435]
  [-0.34792414 -0.8769062   0.3316388 ]]

 [[ 0.9264689   0.36707553 -0.08313251]
  [-0.28547937  0.8293138   0.48035428]
  [ 0.24526921 -0.42130062  0.873126  ]]

 [[ 0.9951207   0.09774146  0.01346055]
  [-0.05207973  0.63623655 -0.7697342 ]
  [-0.08379901  0.76527756  0.6382225 ]]

 [[ 0.9412511   0.335398    0.03942771]
  [-0.12003254  0.44139177 -0.8892499 ]
  [-0.3156556   0.8322749   0.45571914]]

 [[ 0.9807618  -0.07130274  0.18172035]
  [ 0.19065869  0.15007496 -0.97011685]
  [ 0.04190033  0.9861      0.16078228]]

 [[ 0.98977834  0.14254594  0.00441466]
  [-0.1425887   0.9897129   0.01170372]
  [-0.00270093 -0.01221357  0.9999218 ]]

 [[ 0.94588965  0.2409034   0.21738988]
  [-0.23974185  0.9703055  -0.03211084]
  [-0.2186702  -0.02174414  0.97555655]]

 [[ 0.96787775 -0.00572773 -0.25135612]
  [ 0.07660046  0.9589287   0.27310815]
  [ 0.23946832 -0.2835893   0.9285645 ]]

 [[ 0.9931681   0.11326614  0.02806861]
  [-0.11065854  0.9905085  -0.08153319]
  [-0.03703714  0.07787014  0.9962753 ]]

 [[ 0.9220178  -0.38714045  0.00233656]
  [ 0.3830472   0.9131121   0.13964687]
  [-0.05619649 -0.12786189  0.9901987 ]]

 [[ 0.99370474  0.09077988 -0.06564987]
  [-0.07525297  0.97498626  0.2091383 ]
  [ 0.08299326 -0.20288138  0.97567993]]

 [[ 0.99684435  0.02418828 -0.07560607]
  [-0.04130096  0.97141665 -0.23376061]
  [ 0.06779072  0.23614554  0.9693502 ]]

 [[ 0.97612256  0.12557231 -0.1772467 ]
  [-0.09190994  0.978093    0.18677941]
  [ 0.19681808 -0.16602886  0.96628   ]]

 [[ 0.9410086   0.20540868  0.26890513]
  [-0.23682435  0.96739537  0.08978037]
  [-0.24169588 -0.1481674   0.95897317]]

 [[ 0.99574757  0.05202203  0.07602904]
  [-0.06046037  0.99172294  0.11326999]
  [-0.0695072  -0.11738507  0.99065095]]

 [[ 0.8495425   0.45538208 -0.26627958]
  [-0.3289258   0.85191107  0.40749902]
  [ 0.41241425 -0.2586015   0.87352157]]

 [[ 0.9216607  -0.28201973  0.2664703 ]
  [ 0.15399474  0.89626324  0.41593018]
  [-0.35612807 -0.34231147  0.8694802 ]]

 [[ 0.4075869  -0.34347633 -0.8461069 ]
  [ 0.6547828   0.75576794  0.00861888]
  [ 0.6365001  -0.5575292   0.5329435 ]]

 [[ 0.74044716  0.21373907  0.63722336]
  [-0.37967563  0.91534114  0.13415325]
  [-0.5546029  -0.34127158  0.7589133 ]]

 [[ 0.9703905  -0.23904388  0.03464497]
  [ 0.24142303  0.9553954  -0.1701013 ]
  [ 0.00756203  0.17342877  0.9848173 ]]

 [[ 0.9865478   0.16254027  0.01743751]
  [-0.15824826  0.9763208  -0.14749658]
  [-0.04099873  0.14275298  0.9889089 ]]

 [[ 0.9811017   0.18051712 -0.06966322]
  [-0.16880916  0.97450507  0.14779527]
  [ 0.09456673 -0.13324241  0.98656154]]

 [[ 0.9895543  -0.121749    0.07719678]
  [ 0.10925198  0.9827202   0.1494159 ]
  [-0.09405406 -0.13942125  0.9857563 ]]]
[ 0.38594365  0.64732623 -0.11157183 -0.5926105  -0.1430704  -0.21718058
  0.1050555   0.09342039 -0.13613525  0.04398787]