[[[ 0.6648309   0.19228837 -0.72182065]
  [ 0.14735578 -0.9810726  -0.12562978]
  [-0.7323156  -0.02284188 -0.6805822 ]]]
[[[ 0.97271174 -0.1005647  -0.20908983]
  [ 0.23116575  0.49718106  0.8362854 ]
  [ 0.01985471 -0.8617991   0.506861  ]]

 [[ 0.9711181   0.19439253  0.1383521 ]
  [-0.22773688  0.58220387  0.7804965 ]
  [ 0.07117355 -0.78946203  0.6096591 ]]

 [[ 0.9962742   0.07970501 -0.03293731]
  [-0.07289774  0.57420623 -0.81545883]
  [-0.04608335  0.81482166  0.57787716]]

 [[ 0.996525   -0.00925313 -0.08277845]
  [-0.06871983  0.47026122 -0.8798477 ]
  [ 0.04706884  0.8824788   0.46799117]]

 [[ 0.9827356  -0.17276934  0.06619368]
  [ 0.12845033  0.37962383 -0.9161803 ]
  [ 0.13315916  0.9088655   0.39526212]]

 [[ 0.9938536  -0.10867441 -0.02109255]
  [ 0.10750256  0.9929249  -0.0504311 ]
  [ 0.02642389  0.04785362  0.9985048 ]]

 [[ 0.99375033  0.09551609  0.05776581]
  [-0.09387022  0.99511504 -0.0305704 ]
  [-0.06040359  0.02495686  0.99786204]]

 [[ 0.9877618  -0.12305963 -0.09582823]
  [ 0.11973733  0.9920114  -0.03970202]
  [ 0.09994841  0.02774192  0.99460584]]

 [[ 0.99554193 -0.09197219 -0.02091009]
  [ 0.09077598  0.99449474 -0.05234518]
  [ 0.02560927  0.05021369  0.99841005]]

 [[ 0.960286   -0.22574452  0.1639821 ]
  [ 0.19189659  0.96098983  0.19918384]
  [-0.2025498  -0.15980585  0.9661447 ]]

 [[ 0.97645795  0.20568576 -0.0649856 ]
  [-0.1905297   0.9636616   0.18722911]
  [ 0.10113449 -0.17043968  0.9801643 ]]

 [[ 0.9987974  -0.00287782 -0.04894355]
  [-0.00243628  0.9941293  -0.1081709 ]
  [ 0.04896751  0.10816006  0.9929268 ]]

 [[ 0.8989318   0.15220237 -0.41079938]
  [-0.13356434  0.98828185  0.07388911]
  [ 0.41723165 -0.01155312  0.9087268 ]]

 [[ 0.8761086  -0.3710327   0.3078449 ]
  [ 0.35970035  0.92821383  0.09505156]
  [-0.32101312  0.02745642  0.94667673]]

 [[ 0.98362505 -0.07374019 -0.16445129]
  [ 0.07040004  0.9971785  -0.0260559 ]
  [ 0.16590865  0.01405186  0.98604107]]

 [[ 0.54154634  0.6894676  -0.48100096]
  [-0.63525164  0.71037054  0.30303317]
  [ 0.55062044  0.1414501   0.822684  ]]

 [[ 0.6009821  -0.7181191   0.35089245]
  [ 0.72780776  0.673138    0.13107663]
  [-0.33032766  0.17660753  0.92719656]]

 [[-0.11561143 -0.3887231  -0.9140724 ]
  [ 0.35789964  0.8421285  -0.40339485]
  [ 0.92657536 -0.3737832   0.04176418]]

 [[-0.28101116  0.46379304  0.84019566]
  [-0.40889373  0.7341747  -0.5420271 ]
  [-0.8682388  -0.49586642 -0.01666922]]

 [[ 0.9323326  -0.36128852 -0.01505256]
  [ 0.3608863   0.93229854 -0.02409432]
  [ 0.02273848  0.01703166  0.99959636]]

 [[ 0.9198354   0.38833     0.05570141]
  [-0.38707733  0.9214852  -0.03218859]
  [-0.06382783  0.00804744  0.99792844]]

 [[ 0.9668858   0.2318709  -0.10661963]
  [-0.21471924  0.96489835  0.15121835]
  [ 0.13794021 -0.12331758  0.98273367]]

 [[ 0.9646822  -0.24700682  0.09152   ]
  [ 0.23034559  0.9595628   0.16180326]
  [-0.12778568 -0.13500749  0.9825701 ]]]
[ 0.50172526  0.6201152  -0.20578927 -0.534091   -0.15507823 -0.1115922
 -0.01993543  0.1031168  -0.00131814 -0.03648692]