[[[ 0.57101595  0.19789995 -0.79672855]
  [ 0.1208109  -0.9801995  -0.15688719]
  [-0.81200093 -0.00666839 -0.58361804]]]
[[[ 9.69271541e-01 -1.07114695e-01 -2.21448258e-01]
  [ 2.43447065e-01  5.46885252e-01  8.01030695e-01]
  [ 3.53046395e-02 -8.30326974e-01  5.56157053e-01]]

 [[ 9.70046997e-01  1.58598021e-01  1.83998644e-01]
  [-2.42917284e-01  6.33850336e-01  7.34319329e-01]
  [-1.66004029e-04 -7.57020712e-01  6.53390825e-01]]

 [[ 9.99047995e-01  3.52894366e-02 -2.56472379e-02]
  [-4.20664661e-02  6.23560071e-01 -7.80642867e-01]
  [-1.15558570e-02  7.80978560e-01  6.24450922e-01]]

 [[ 9.94975209e-01 -3.10203694e-02 -9.51952189e-02]
  [-7.29477704e-02  4.26644653e-01 -9.01472747e-01]
  [ 6.85785338e-02  9.03887212e-01  4.22237992e-01]]

 [[ 9.90796506e-01 -6.18396178e-02  1.20408349e-01]
  [ 1.35359436e-01  4.55055028e-01 -8.80115151e-01]
  [-3.66428605e-04  8.88313413e-01  4.59237516e-01]]

 [[ 9.91904616e-01 -1.25086635e-01 -2.18782481e-02]
  [ 1.23304434e-01  9.89930928e-01 -6.95172921e-02]
  [ 3.03536411e-02  6.62568286e-02  9.97340798e-01]]

 [[ 9.91167963e-01  1.30245134e-01  2.49457266e-02]
  [-1.29241228e-01  9.90871668e-01 -3.83411609e-02]
  [-2.97117643e-02  3.47785130e-02  9.98953283e-01]]

 [[ 9.89897311e-01 -1.32525146e-01 -5.04020713e-02]
  [ 1.28975436e-01  9.89302993e-01 -6.81537688e-02]
  [ 5.88950068e-02  6.09646030e-02  9.96400833e-01]]

 [[ 9.95159209e-01 -9.40301865e-02 -2.85749435e-02]
  [ 9.28996503e-02  9.94926691e-01 -3.86077464e-02]
  [ 3.20602655e-02  3.57662514e-02  9.98845816e-01]]

 [[ 9.51327741e-01 -2.55636811e-01  1.72120541e-01]
  [ 2.13292584e-01  9.49285030e-01  2.31006905e-01]
  [-2.22445324e-01 -1.83051214e-01  9.57606614e-01]]

 [[ 9.74585831e-01  2.10278973e-01 -7.72353113e-02]
  [-1.89229816e-01  9.57302213e-01  2.18550876e-01]
  [ 1.19894199e-01 -1.98381349e-01  9.72764254e-01]]

 [[ 9.97148335e-01  1.70328841e-02 -7.35195652e-02]
  [-2.73666959e-02  9.89498317e-01 -1.41930133e-01]
  [ 7.03300014e-02  1.43537372e-01  9.87142742e-01]]

 [[ 9.38706338e-01  1.21267527e-01 -3.22683305e-01]
  [-1.15428224e-01  9.92617190e-01  3.72471176e-02]
  [ 3.24817896e-01  2.28265719e-03  9.45773721e-01]]

 [[ 8.98088932e-01 -3.34121048e-01  2.86005855e-01]
  [ 3.26788127e-01  9.42156196e-01  7.45069236e-02]
  [-2.94356495e-01  2.65494622e-02  9.55326855e-01]]

 [[ 9.79774415e-01 -5.53773902e-02 -1.92289963e-01]
  [ 5.80072440e-02  9.98283565e-01  8.06954131e-03]
  [ 1.91513032e-01 -1.90605428e-02  9.81305003e-01]]

 [[ 4.98923302e-01  7.74493933e-01 -3.88888985e-01]
  [-7.54313290e-01  6.09022439e-01  2.45159343e-01]
  [ 4.26716596e-01  1.71028435e-01  8.88066530e-01]]

 [[ 5.39976001e-01 -7.51374066e-01  3.79292727e-01]
  [ 7.82009900e-01  6.14518821e-01  1.04053967e-01]
  [-3.11265945e-01  2.40424007e-01  9.19407368e-01]]

 [[-2.74507612e-01 -4.06678826e-01 -8.71354103e-01]
  [ 3.02732289e-01  8.23535144e-01 -4.79732245e-01]
  [ 9.12687659e-01 -3.95477206e-01 -1.02951854e-01]]

 [[-4.32762980e-01  4.70939845e-01  7.68720925e-01]
  [-2.98237413e-01  7.29903877e-01 -6.15056694e-01]
  [-8.50747108e-01 -4.95435119e-01 -1.75423503e-01]]

 [[ 9.31141078e-01 -3.62805635e-01 -3.67197618e-02]
  [ 3.64229321e-01  9.30203915e-01  4.53619957e-02]
  [ 1.76992770e-02 -5.56128323e-02  9.98295546e-01]]

 [[ 9.10036623e-01  4.10564959e-01  5.71810640e-02]
  [-4.11220253e-01  9.11535978e-01 -3.35566321e-04]
  [-5.22603653e-02 -2.32086349e-02  9.98363733e-01]]

 [[ 9.64441180e-01  2.45025888e-01 -9.90740731e-02]
  [-2.28442147e-01  9.61338460e-01  1.53761700e-01]
  [ 1.32919297e-01 -1.25661403e-01  9.83128667e-01]]

 [[ 9.63501155e-01 -2.59579867e-01  6.54509366e-02]
  [ 2.46189773e-01  9.55207586e-01  1.64222702e-01]
  [-1.05148137e-01 -1.42115414e-01  9.84249532e-01]]]
[ 0.39409536  0.5552367  -0.2239248  -0.52720034 -0.18898529 -0.03708025
  0.02116624  0.09554005 -0.00547309 -0.02754501]