[[[-0.81491643 -0.04286288 -0.57799137]
  [-0.17669372 -0.93141377  0.31819457]
  [-0.5519878   0.36142942  0.7514508 ]]]
[[[ 0.82801586 -0.53408307 -0.17071941]
  [ 0.3436438   0.24279112  0.90717226]
  [-0.44305614 -0.80981964  0.38456923]]

 [[ 0.77838534  0.61071014 -0.14542843]
  [-0.5541558   0.7772575   0.29796323]
  [ 0.29500452 -0.15134019  0.9434344 ]]

 [[ 0.9963235   0.01910811  0.08351242]
  [ 0.04114991  0.74825525 -0.6621336 ]
  [-0.07514072  0.66313577  0.744718  ]]

 [[ 0.93680924  0.3446504   0.06003857]
  [-0.10517821  0.44114634 -0.8912505 ]
  [-0.33365571  0.82861686  0.4495197 ]]

 [[ 0.93452626  0.14988402  0.3227932 ]
  [ 0.06921388  0.8131329  -0.57794833]
  [-0.349099    0.56244963  0.74952   ]]

 [[ 0.9927359   0.12021968 -0.00475288]
  [-0.12023758  0.9899308  -0.07469942]
  [-0.00427532  0.07472828  0.9971948 ]]

 [[ 0.930238    0.33449224  0.15090458]
  [-0.33562246  0.94181126 -0.018686  ]
  [-0.14837395 -0.03326453  0.98837173]]

 [[ 0.9588016  -0.16620389 -0.23038183]
  [ 0.19901693  0.97169846  0.12725693]
  [ 0.20271109 -0.16786402  0.96474344]]

 [[ 0.99019206  0.12977579  0.05174902]
  [-0.1285186   0.9913412  -0.02693766]
  [-0.05479679  0.02002274  0.99829674]]

 [[ 0.8738121  -0.4765974   0.09647442]
  [ 0.46332115  0.8762559   0.13232163]
  [-0.14760043 -0.07092559  0.9865007 ]]

 [[ 0.95303243  0.26996812 -0.13728236]
  [-0.23600079  0.9460413   0.2220574 ]
  [ 0.1898232  -0.17922916  0.9653207 ]]

 [[ 0.9951566  -0.01685718 -0.09684554]
  [-0.00744165  0.969441   -0.24521185]
  [ 0.09801961  0.24474493  0.9646202 ]]

 [[ 0.9671191   0.24893564 -0.05207343]
  [-0.24087317  0.96226996  0.12655678]
  [ 0.08161321 -0.1098524   0.9905916 ]]

 [[ 0.9505113   0.15621875  0.2685591 ]
  [-0.18738681  0.97773206  0.09447908]
  [-0.24781941 -0.14012787  0.9586187 ]]

 [[ 0.98602057  0.0734041   0.14958383]
  [-0.07696563  0.99686843  0.0181535 ]
  [-0.14778286 -0.02941254  0.9885824 ]]

 [[ 0.76754814  0.6212975  -0.15766832]
  [-0.5716707   0.7747696   0.27004555]
  [ 0.28993526 -0.11713858  0.94985056]]

 [[ 0.789561   -0.3326433   0.5156955 ]
  [ 0.14590354  0.9180025   0.36875954]
  [-0.5960752  -0.21591634  0.77335274]]

 [[ 0.1892735  -0.3686172  -0.91010815]
  [ 0.6146709   0.7672773  -0.18293509]
  [ 0.76573837 -0.5247922   0.37180352]]

 [[ 0.19166936  0.25331655  0.9482055 ]
  [-0.47400337  0.8698669  -0.13657351]
  [-0.85940886 -0.42327568  0.28679973]]

 [[ 0.9847918  -0.1728362   0.01768347]
  [ 0.17277434  0.9849489   0.00497857]
  [-0.01827779 -0.0018476   0.99983126]]

 [[ 0.98169625  0.19014686 -0.01080188]
  [-0.19037445  0.97807604 -0.0844081 ]
  [-0.00548487  0.08491952  0.9963727 ]]

 [[ 0.9801484   0.18190338 -0.07886872]
  [-0.17199041  0.97798187  0.11819766]
  [ 0.09863275 -0.10228658  0.98985296]]

 [[ 0.9892267  -0.13853216  0.04732042]
  [ 0.12968273  0.9792437   0.15576985]
  [-0.06791735 -0.14795507  0.9866592 ]]]
[ 0.28939015  0.6025501  -0.06871852 -0.6974778  -0.15395343 -0.16693482
  0.10730118  0.10122198 -0.13555607 -0.00720531]