[[[-0.6572286  -0.07681615 -0.7497665 ]
  [-0.2653316  -0.9075284   0.32556313]
  [-0.70544297  0.41290614  0.57607186]]]
[[[ 0.9492718  -0.3008243  -0.09158453]
  [ 0.18752503  0.3077615   0.93280077]
  [-0.25242296 -0.90265596  0.3485614 ]]

 [[ 0.99065185  0.13158005 -0.03599475]
  [-0.08064095  0.77768826  0.6234565 ]
  [ 0.11002713 -0.61472565  0.78102905]]

 [[ 0.9901884   0.13035478 -0.05034254]
  [-0.11999497  0.6085724  -0.78437287]
  [-0.07160966  0.7827179   0.6182433 ]]

 [[ 0.95050836  0.30826378  0.03882542]
  [-0.11371857  0.46145773 -0.8798437 ]
  [-0.28914028  0.83188355  0.47367474]]

 [[ 0.96708655 -0.17782156  0.18199734]
  [ 0.16112097 -0.12563327 -0.9789057 ]
  [ 0.19693546  0.97601014 -0.09284747]]

 [[ 0.9948093   0.09961482 -0.02076685]
  [-0.09879279  0.9944037   0.03743241]
  [ 0.02437945 -0.0351865   0.99908334]]

 [[ 0.9564105   0.19257374  0.2195316 ]
  [-0.1886005   0.98127437 -0.03912025]
  [-0.22295427 -0.00398876  0.9748206 ]]

 [[ 0.9775927   0.01572707 -0.20991698]
  [ 0.03731906  0.96846116  0.24635407]
  [ 0.20717086 -0.24866787  0.94617367]]

 [[ 0.99740386  0.06695497 -0.0265052 ]
  [-0.06889836  0.99434054 -0.08087005]
  [ 0.02094055  0.08248627  0.99637216]]

 [[ 0.9379958  -0.34564084 -0.02638957]
  [ 0.34554818  0.9262535   0.15050234]
  [-0.02757632 -0.15028942  0.98825747]]

 [[ 0.9982004   0.04569406 -0.03883148]
  [-0.03518978  0.97070795  0.23767163]
  [ 0.0485542  -0.23587747  0.9705691 ]]

 [[ 0.9983469   0.02866763 -0.04981627]
  [-0.0373459   0.982384   -0.18310353]
  [ 0.04368956  0.18466127  0.9818307 ]]

 [[ 0.9250756   0.0222958  -0.3791279 ]
  [ 0.04560213  0.98453164  0.16916811]
  [ 0.37703514 -0.17378236  0.90974945]]

 [[ 0.8938624   0.2257761   0.3873437 ]
  [-0.2936314   0.947682    0.12521727]
  [-0.3388076  -0.22566329  0.9133923 ]]

 [[ 0.9976819   0.04231312  0.0532962 ]
  [-0.05409321  0.9683055   0.2438409 ]
  [-0.04128933 -0.2461586   0.96834975]]

 [[ 0.80489206  0.4542591  -0.3818343 ]
  [-0.25394583  0.8452195   0.47022924]
  [ 0.5363397  -0.28151858  0.79566765]]

 [[ 0.89256567 -0.31424516  0.32338306]
  [ 0.17720604  0.90391713  0.389271  ]
  [-0.414638   -0.29014447  0.86249155]]

 [[ 0.31221142 -0.33751383 -0.88803625]
  [ 0.6590495   0.7502     -0.05342131]
  [ 0.68423516 -0.5685811   0.45665932]]

 [[ 0.4191797   0.32478625  0.847822  ]
  [-0.49579662  0.8641778  -0.08592042]
  [-0.7605749  -0.3843312   0.5232737 ]]

 [[ 0.9506707  -0.3099639   0.01214761]
  [ 0.30597025  0.9305366  -0.20120558]
  [ 0.05106268  0.19499707  0.97947365]]

 [[ 0.97478557  0.21891609  0.04323097]
  [-0.21043192  0.96629405 -0.14830439]
  [-0.07424005  0.1354678   0.9879964 ]]

 [[ 0.9804102   0.17525558 -0.08989622]
  [-0.1625447   0.9776604   0.13326423]
  [ 0.11124327 -0.11604144  0.9869951 ]]

 [[ 0.9875381  -0.12961961  0.08925901]
  [ 0.11944479  0.9865939   0.11120028]
  [-0.10247613 -0.099153    0.98978144]]]
[ 0.3165324   0.66209555 -0.15093872 -0.5261295  -0.19440794 -0.21046212
  0.1432595   0.08897561 -0.09547374  0.12097651]