[[[-0.12366918  0.07487393 -0.9894948 ]
  [ 0.15574537 -0.9833267  -0.0938726 ]
  [-0.9800252  -0.16571839  0.10994593]]]
[[[ 9.59929347e-01 -2.80241400e-01 -5.94907382e-04]
  [ 2.29484722e-01  7.84847260e-01  5.75631440e-01]
  [-1.60848841e-01 -5.52702069e-01  8.17709029e-01]]

 [[ 9.74910259e-01 -2.72812769e-02  2.20920056e-01]
  [-2.00489357e-01  3.23594749e-01  9.24710989e-01]
  [-9.67158750e-02 -9.45802391e-01  3.10006231e-01]]

 [[ 9.89360034e-01 -7.62258098e-02 -1.23920903e-01]
  [-6.53818399e-02  5.27956843e-01 -8.46750677e-01]
  [ 1.29969150e-01  8.45843434e-01  5.17355621e-01]]

 [[ 9.91537750e-01  2.91887373e-02 -1.26494542e-01]
  [-1.13453433e-01  6.68427169e-01 -7.35073686e-01]
  [ 6.30965233e-02  7.43204594e-01  6.66082323e-01]]

 [[ 9.68604147e-01 -2.02344909e-01  1.44438997e-01]
  [ 1.35570571e-01 -5.70977703e-02 -9.89121139e-01]
  [ 2.08390728e-01  9.77648437e-01 -2.78731212e-02]]

 [[ 9.95198309e-01 -8.26471597e-02 -5.24378940e-02]
  [ 8.42777416e-02  9.96000051e-01  2.96824444e-02]
  [ 4.97749820e-02 -3.39592695e-02  9.98182893e-01]]

 [[ 9.68206763e-01  8.80564526e-02  2.34140426e-01]
  [-9.20518860e-02  9.95735109e-01  6.16878457e-03]
  [-2.32598647e-01 -2.75257286e-02  9.72183228e-01]]

 [[ 9.82688904e-01 -8.46733227e-02 -1.64781541e-01]
  [ 9.82887223e-02  9.92229044e-01  7.62943178e-02]
  [ 1.57040939e-01 -9.11697447e-02  9.83374894e-01]]

 [[ 9.90904987e-01 -6.44153208e-02 -1.18143983e-01]
  [ 6.35176077e-02  9.97916102e-01 -1.13520427e-02]
  [ 1.18629038e-01  3.74457217e-03  9.92931545e-01]]

 [[ 9.80400622e-01 -1.70696497e-01  9.83732566e-02]
  [ 1.56041801e-01  9.77605820e-01  1.41201198e-01]
  [-1.20272823e-01 -1.23083398e-01  9.85081136e-01]]

 [[ 9.90525424e-01  1.25277713e-01  5.62570207e-02]
  [-1.33215681e-01  9.76046622e-01  1.72007218e-01]
  [-3.33608091e-02 -1.77871838e-01  9.83487964e-01]]

 [[ 9.78627682e-01 -3.87554197e-03  2.05603540e-01]
  [ 1.90850105e-02  9.97218907e-01 -7.20432922e-02]
  [-2.04752520e-01  7.44275078e-02  9.75979984e-01]]

 [[ 8.24031591e-01  8.25928077e-02 -5.60491204e-01]
  [-4.05833572e-02  9.95380342e-01  8.70117098e-02]
  [ 5.65088391e-01 -4.89537902e-02  8.23576748e-01]]

 [[ 8.70631218e-01 -7.66538829e-02  4.85927373e-01]
  [ 1.30738430e-02  9.91041839e-01  1.32910207e-01]
  [-4.91762459e-01 -1.09362841e-01  8.63834143e-01]]

 [[ 9.95819151e-01  5.39540425e-02  7.37099871e-02]
  [-7.03557059e-02  9.67675567e-01  2.42185995e-01]
  [-5.82604334e-02 -2.46359378e-01  9.67425823e-01]]

 [[ 8.42539430e-01  4.25278991e-01 -3.30552727e-01]
  [-2.66263545e-01  8.62303555e-01  4.30739254e-01]
  [ 4.68221128e-01 -2.74900645e-01  8.39761019e-01]]

 [[ 6.80673301e-01 -6.02105319e-01  4.17316467e-01]
  [ 5.63290775e-01  7.94366121e-01  2.27345556e-01]
  [-4.68387991e-01  8.03224370e-02  8.79864216e-01]]

 [[ 9.15625453e-01 -1.87848970e-01 -3.55447263e-01]
  [ 2.91871071e-01  9.18614984e-01  2.66379029e-01]
  [ 2.76480168e-01 -3.47648203e-01  8.95934939e-01]]

 [[ 4.38811421e-01  3.25979203e-01  8.37365985e-01]
  [-3.50678563e-01  9.20109510e-01 -1.74421638e-01]
  [-8.27326357e-01 -2.17108175e-01  5.18068492e-01]]

 [[ 9.77348149e-01 -2.07053840e-01  4.38099876e-02]
  [ 2.11551368e-01  9.49868441e-01 -2.30208576e-01]
  [ 6.05184725e-03  2.34261990e-01  9.72154677e-01]]

 [[ 9.87671018e-01  1.56226754e-01  9.95992031e-03]
  [-1.55473873e-01  9.86358881e-01 -5.40755428e-02]
  [-1.82721000e-02  5.18603399e-02  9.98487234e-01]]

 [[ 9.87554431e-01  1.43124878e-01 -6.52033538e-02]
  [-1.27382055e-01  9.71031427e-01  2.02168003e-01]
  [ 9.22497660e-02 -1.91346183e-01  9.77177918e-01]]

 [[ 9.79545832e-01 -1.54889047e-01  1.28449723e-01]
  [ 1.39810726e-01  9.82985377e-01  1.19133264e-01]
  [-1.44716635e-01 -9.87378433e-02  9.84534383e-01]]]
[ 0.54818904  0.49967444 -0.6313485  -0.6392307  -0.24111068  0.07005295
  0.05135679 -0.01448259  0.03959762  0.01156795]