[[[-0.08969932  0.08304133 -0.99250096]
  [ 0.14729288 -0.9844542  -0.09567997]
  [-0.9850172  -0.15477075  0.07607348]]]
[[[ 9.61947560e-01 -2.72568464e-01  1.90578867e-02]
  [ 2.17962742e-01  8.07552338e-01  5.48043311e-01]
  [-1.64769575e-01 -5.23035109e-01  8.36232781e-01]]

 [[ 9.73132551e-01 -1.51728606e-02  2.29745045e-01]
  [-2.15223804e-01  2.94569045e-01  9.31078851e-01]
  [-8.18028972e-02 -9.55509782e-01  2.83389151e-01]]

 [[ 9.86832261e-01 -7.93976262e-02 -1.40919015e-01]
  [-7.25070536e-02  5.61640382e-01 -8.24198246e-01]
  [ 1.44585207e-01  8.23562980e-01  5.48487961e-01]]

 [[ 9.91741657e-01  2.00583953e-02 -1.26673400e-01]
  [-1.05084166e-01  6.93314314e-01 -7.12932348e-01]
  [ 7.35241920e-02  7.20356107e-01  6.89696491e-01]]

 [[ 9.64287281e-01 -2.17763588e-01  1.50761649e-01]
  [ 1.36582792e-01 -7.88467228e-02 -9.87485886e-01]
  [ 2.26925507e-01  9.72811520e-01 -4.62881327e-02]]

 [[ 9.93782759e-01 -9.22632813e-02 -6.23151511e-02]
  [ 9.44170058e-02  9.95000660e-01  3.25437635e-02]
  [ 5.90010211e-02 -3.82250473e-02  9.97525752e-01]]

 [[ 9.69809651e-01  9.96266231e-02  2.22584441e-01]
  [-1.02078393e-01  9.94776249e-01 -4.92309860e-04]
  [-2.21470758e-01 -2.22436171e-02  9.74913359e-01]]

 [[ 9.82252419e-01 -1.05923541e-01 -1.54791206e-01]
  [ 1.15881272e-01  9.91639733e-01  5.67646362e-02]
  [ 1.47484392e-01 -7.36946017e-02  9.86315072e-01]]

 [[ 9.88790274e-01 -6.36099428e-02 -1.35083869e-01]
  [ 6.14776686e-02  9.97909963e-01 -1.99023429e-02]
  [ 1.36067539e-01  1.13746002e-02  9.90634263e-01]]

 [[ 9.78020847e-01 -1.87941909e-01  9.02945697e-02]
  [ 1.72295287e-01  9.72345889e-01  1.57663465e-01]
  [-1.17429122e-01 -1.38640821e-01  9.83356059e-01]]

 [[ 9.87107813e-01  1.49257109e-01  5.77963628e-02]
  [-1.57370001e-01  9.70937252e-01  1.80320784e-01]
  [-2.92024817e-02 -1.87091485e-01  9.81908321e-01]]

 [[ 9.77415919e-01  1.35582928e-02  2.10888967e-01]
  [ 1.63708115e-03  9.97424006e-01 -7.17129484e-02]
  [-2.11318001e-01  7.04386234e-02  9.74875927e-01]]

 [[ 8.35795403e-01  1.01192951e-01 -5.39635181e-01]
  [-6.87201023e-02  9.94419992e-01  8.00399035e-02]
  [ 5.44723511e-01 -2.98131891e-02  8.38085651e-01]]

 [[ 8.89557838e-01 -1.00149632e-01  4.45709467e-01]
  [ 4.59432974e-02  9.90339518e-01  1.30831659e-01]
  [-4.54506397e-01 -9.59049612e-02  8.85565460e-01]]

 [[ 9.93507683e-01  7.97552243e-02  8.11277628e-02]
  [-9.21334252e-02  9.82396066e-01  1.62509799e-01]
  [-6.67385906e-02 -1.68929294e-01  9.83366191e-01]]

 [[ 8.43742967e-01  4.26572055e-01 -3.25782180e-01]
  [-2.61639208e-01  8.56826127e-01  4.44290251e-01]
  [ 4.68660533e-01 -2.89629400e-01  8.34549010e-01]]

 [[ 6.99482560e-01 -5.93875825e-01  3.97537023e-01]
  [ 5.68518579e-01  7.99471617e-01  1.93989351e-01]
  [-4.33025092e-01  9.03150216e-02  8.96845877e-01]]

 [[ 8.89860332e-01 -1.88996583e-01 -4.15245652e-01]
  [ 3.22899789e-01  9.03891027e-01  2.80564994e-01]
  [ 3.22311014e-01 -3.83746356e-01  8.65363717e-01]]

 [[ 4.37961757e-01  3.07070076e-01  8.44924450e-01]
  [-3.51876199e-01  9.23423529e-01 -1.53205901e-01]
  [-8.27268183e-01 -2.30210513e-01  5.12474835e-01]]

 [[ 9.77581322e-01 -2.06748456e-01  3.98710407e-02]
  [ 2.10475132e-01  9.54210460e-01 -2.12562189e-01]
  [ 5.90153504e-03  2.16188714e-01  9.76333737e-01]]

 [[ 9.90904927e-01  1.32338762e-01  2.43673846e-02]
  [-1.31356701e-01  9.90596592e-01 -3.82602215e-02]
  [-2.92015579e-02  3.47114280e-02  9.98970628e-01]]

 [[ 9.85487044e-01  1.56692743e-01 -6.52897805e-02]
  [-1.41280487e-01  9.70323980e-01  1.96242765e-01]
  [ 9.41020548e-02 -1.84170499e-01  9.78379309e-01]]

 [[ 9.76126254e-01 -1.66137859e-01  1.39913157e-01]
  [ 1.51319444e-01  9.82269287e-01  1.10677525e-01]
  [-1.55820116e-01 -8.68636593e-02  9.83958721e-01]]]
[ 0.51826984  0.61490667 -0.67390895 -0.6719899  -0.2494734   0.01270745
  0.04271477  0.02014989  0.04323478  0.04151317]