[[[-0.7484433  -0.05335012 -0.6610494 ]
  [-0.23781176 -0.9088831   0.3426032 ]
  [-0.61909467  0.4136244   0.66756016]]]
[[[ 9.09489274e-01 -3.94509614e-01 -1.31116301e-01]
  [ 2.46707588e-01  2.58325696e-01  9.34025288e-01]
  [-3.34611207e-01 -8.81833315e-01  3.32272977e-01]]

 [[ 9.15633202e-01  3.90016675e-01 -9.74820703e-02]
  [-3.13097268e-01  8.43928635e-01  4.35608238e-01]
  [ 2.52162397e-01 -3.68336022e-01  8.94842207e-01]]

 [[ 9.94963944e-01  9.82084870e-02  2.00437866e-02]
  [-4.85341027e-02  6.47008598e-01 -7.60936379e-01]
  [-8.76989141e-02  7.56131530e-01  6.48516715e-01]]

 [[ 9.44585025e-01  3.26247305e-01  3.63564827e-02]
  [-1.20726369e-01  4.48242962e-01 -8.85721862e-01]
  [-3.05260926e-01  8.32250476e-01  4.62790251e-01]]

 [[ 9.81126368e-01 -4.46139388e-02  1.88150898e-01]
  [ 1.93242997e-01  1.91244021e-01 -9.62332070e-01]
  [ 6.95068622e-03  9.80528057e-01  1.96255878e-01]]

 [[ 9.89944398e-01  1.41417652e-01  3.35167861e-03]
  [-1.41406193e-01  9.89945590e-01 -3.44918342e-03]
  [-3.80575540e-03  2.94055138e-03  9.99988437e-01]]

 [[ 9.43985581e-01  2.37909988e-01  2.28670239e-01]
  [-2.39918485e-01  9.70599234e-01 -1.93976387e-02]
  [-2.26562053e-01 -3.65511253e-02  9.73310709e-01]]

 [[ 9.64554787e-01  5.29388672e-05 -2.63882786e-01]
  [ 7.54861683e-02  9.58156466e-01  2.76112258e-01]
  [ 2.52855629e-01 -2.86244899e-01  9.24190402e-01]]

 [[ 9.92810726e-01  1.14759959e-01  3.40160541e-02]
  [-1.11551002e-01  9.90145445e-01 -8.46666992e-02]
  [-4.33971845e-02  8.02634731e-02  9.95828629e-01]]

 [[ 9.19538736e-01 -3.92912447e-01  8.26507062e-03]
  [ 3.88833582e-01  9.12644565e-01  1.26049235e-01]
  [-5.70693761e-02 -1.12693414e-01  9.91989553e-01]]

 [[ 9.93855655e-01  8.59242901e-02 -6.97705075e-02]
  [-6.99416026e-02  9.76093113e-01  2.05792382e-01]
  [ 8.57850686e-02 -1.99648067e-01  9.76105332e-01]]

 [[ 9.95693684e-01  3.58705148e-02 -8.54831859e-02]
  [-5.65561913e-02  9.65669692e-01 -2.53541887e-01]
  [ 7.34538361e-02  2.57284671e-01  9.63539898e-01]]

 [[ 9.77507889e-01  1.23662941e-01 -1.70838565e-01]
  [-8.83330554e-02  9.75641608e-01  2.00800434e-01]
  [ 1.91508785e-01 -1.81193322e-01  9.64620888e-01]]

 [[ 9.39213753e-01  2.16780946e-01  2.66239643e-01]
  [-2.51402348e-01  9.62355316e-01  1.03291363e-01]
  [-2.33825549e-01 -1.63945943e-01  9.58356559e-01]]

 [[ 9.95375097e-01  5.96187972e-02  7.53256679e-02]
  [-6.88328519e-02  9.89597261e-01  1.26330331e-01]
  [-6.70104101e-02 -1.30930945e-01  9.89124179e-01]]

 [[ 8.38796318e-01  4.65530306e-01 -2.82315850e-01]
  [-3.33141118e-01  8.48992109e-01  4.10157681e-01]
  [ 4.30624783e-01 -2.49987721e-01  8.67218733e-01]]

 [[ 9.16932404e-01 -2.57970631e-01  3.04444164e-01]
  [ 1.10239632e-01  8.97004485e-01  4.28054005e-01]
  [-3.83513153e-01 -3.58934730e-01  8.50931048e-01]]

 [[ 3.86721790e-01 -3.47925335e-01 -8.54045808e-01]
  [ 6.61602974e-01  7.49831200e-01 -5.88844810e-03]
  [ 6.42438948e-01 -5.62762022e-01  5.20164490e-01]]

 [[ 6.84598863e-01  2.28647336e-01  6.92130685e-01]
  [-4.15591925e-01  9.02514398e-01  1.12921208e-01]
  [-5.98838747e-01 -3.64949614e-01  7.12884307e-01]]

 [[ 9.73653436e-01 -2.24468887e-01  4.01585177e-02]
  [ 2.28027016e-01  9.59676087e-01 -1.64393932e-01]
  [-1.63784344e-03  1.69219941e-01  9.85576868e-01]]

 [[ 9.88151610e-01  1.53331608e-01  6.76695164e-03]
  [-1.50495514e-01  9.76642668e-01 -1.53363004e-01]
  [-3.01242899e-02  1.50527507e-01  9.88146722e-01]]

 [[ 9.81535137e-01  1.78668112e-01 -6.83114231e-02]
  [-1.68080375e-01  9.76083994e-01  1.37873128e-01]
  [ 9.13112238e-02 -1.23845518e-01  9.88091350e-01]]

 [[ 9.90374923e-01 -1.18744843e-01  7.11133182e-02]
  [ 1.07399575e-01  9.83387709e-01  1.46335095e-01]
  [-8.73085037e-02 -1.37289077e-01  9.86675680e-01]]]
[ 0.3474261   0.57103986 -0.07621324 -0.52696013 -0.13113081 -0.19655147
  0.11220405  0.08701527 -0.12241197  0.03038669]