[[[ 0.31308144  0.22213855 -0.92338216]
  [ 0.04074093 -0.97450763 -0.22062427]
  [-0.94885206  0.03145391 -0.3141504 ]]]
[[[ 9.43173826e-01 -3.25512230e-01 -6.68193772e-02]
  [ 2.89201885e-01  7.05046773e-01  6.47511721e-01]
  [-1.63662210e-01 -6.30040467e-01  7.59120405e-01]]

 [[ 9.74366307e-01  7.67051429e-02  2.11486608e-01]
  [-2.09297776e-01  6.53787374e-01  7.27156460e-01]
  [-8.24906379e-02 -7.52780437e-01  6.53082609e-01]]

 [[ 9.86712396e-01 -4.34346236e-02 -1.56563610e-01]
  [-8.56999233e-02  6.79529369e-01 -7.28625655e-01]
  [ 1.38037145e-01  7.32361436e-01  6.66777730e-01]]

 [[ 9.94711637e-01  6.31784424e-02 -8.09767917e-02]
  [-1.01958059e-01  5.12368023e-01 -8.52691948e-01]
  [-1.23818330e-02  8.56438875e-01  5.16099989e-01]]

 [[ 9.85427439e-01 -1.05395503e-02  1.69769928e-01]
  [ 1.51512921e-01  5.08017302e-01 -8.47916484e-01]
  [-7.73094147e-02  8.61282349e-01  5.02211094e-01]]

 [[ 9.79429126e-01 -1.39485389e-01 -1.45816520e-01]
  [ 1.37895793e-01  9.90224004e-01 -2.10033506e-02]
  [ 1.47320688e-01  4.63807955e-04  9.89088655e-01]]

 [[ 9.67197299e-01  1.65229604e-01  1.92946762e-01]
  [-1.54197440e-01  9.85488236e-01 -7.09649920e-02]
  [-2.01872289e-01  3.88852544e-02  9.78639543e-01]]

 [[ 9.80128646e-01 -1.51816353e-01 -1.27670303e-01]
  [ 1.44522250e-01  9.87388551e-01 -6.46302179e-02]
  [ 1.35872141e-01  4.48947214e-02  9.89708662e-01]]

 [[ 9.83105004e-01 -7.77765960e-02 -1.65696040e-01]
  [ 7.13257641e-02  9.96458054e-01 -4.45417129e-02]
  [ 1.68573454e-01  3.19707878e-02  9.85170364e-01]]

 [[ 9.71606314e-01 -2.27650136e-01  6.44720867e-02]
  [ 2.10814238e-01  9.56654012e-01  2.00924039e-01]
  [-1.07417867e-01 -1.81627423e-01  9.77482975e-01]]

 [[ 9.78355229e-01  2.06928670e-01 -1.23806391e-03]
  [-2.03567252e-01  9.63502645e-01  1.73847705e-01]
  [ 3.71669531e-02 -1.69832796e-01  9.84771729e-01]]

 [[ 9.90891814e-01  8.30595419e-02  1.05993055e-01]
  [-5.38669080e-02  9.65883136e-01 -2.53314108e-01]
  [-1.23417072e-01  2.45297372e-01  9.61559832e-01]]

 [[ 8.45073342e-01 -1.97991282e-02 -5.34283757e-01]
  [ 4.57493141e-02  9.98326719e-01  3.53660770e-02]
  [ 5.32689512e-01 -5.43300360e-02  8.44565094e-01]]

 [[ 9.61436927e-01 -1.10611714e-01  2.51801580e-01]
  [ 9.30212438e-02  9.92383480e-01  8.07588845e-02]
  [-2.58816630e-01 -5.42216897e-02  9.64403391e-01]]

 [[ 9.97510612e-01  4.80196141e-02 -5.16400523e-02]
  [-4.75770533e-02  9.98819768e-01  9.76631790e-03]
  [ 5.20480871e-02 -7.28512462e-03  9.98617947e-01]]

 [[ 7.41918802e-01  4.97184873e-01 -4.49848533e-01]
  [-2.69484520e-01  8.35466623e-01  4.78929549e-01]
  [ 6.13950014e-01 -2.34099612e-01  7.53832042e-01]]

 [[ 6.88453853e-01 -7.07109153e-01  1.61331758e-01]
  [ 7.10578620e-01  7.02160120e-01  4.52684090e-02]
  [-1.45290419e-01  8.34736824e-02  9.85861480e-01]]

 [[ 7.18816996e-01 -2.01646566e-01 -6.65312469e-01]
  [ 4.10542041e-01  8.95441353e-01  1.72162622e-01]
  [ 5.61032355e-01 -3.96892220e-01  7.26442873e-01]]

 [[ 4.18360770e-01  3.94593656e-01  8.18089247e-01]
  [-4.77026284e-01  8.61934900e-01 -1.71796575e-01]
  [-7.72929549e-01 -3.18377167e-01  5.48831284e-01]]

 [[ 9.74249840e-01 -2.23522529e-01  2.95778457e-02]
  [ 2.25469336e-01  9.65323091e-01 -1.31585732e-01]
  [ 8.60197761e-04  1.34866297e-01  9.90863323e-01]]

 [[ 9.83941615e-01  1.77854583e-01  1.50513779e-02]
  [-1.78402230e-01  9.77304280e-01  1.14232406e-01]
  [ 5.60698099e-03 -1.15083225e-01  9.93340015e-01]]

 [[ 9.87035632e-01  1.41862690e-01 -7.50708953e-02]
  [-1.30022377e-01  9.80967700e-01  1.44210175e-01]
  [ 9.41001624e-02 -1.32579684e-01  9.86695409e-01]]

 [[ 9.77382720e-01 -1.86406806e-01  9.98776704e-02]
  [ 1.71568424e-01  9.75051045e-01  1.40853643e-01]
  [-1.23641901e-01 -1.20532058e-01  9.84979570e-01]]]
[ 0.40741223  0.53325987 -0.45022482 -0.6162137  -0.24519318  0.0544391
  0.04843977  0.04171053  0.04387738  0.0208073 ]