[[[-0.7536516  -0.03997396 -0.6560575 ]
  [-0.24046126 -0.9121838   0.33181185]
  [-0.6117088   0.40782693  0.6778566 ]]]
[[[ 0.90198267 -0.41284454 -0.12643848]
  [ 0.25286335  0.26771674  0.92972463]
  [-0.34998202 -0.87056714  0.3458691 ]]

 [[ 0.89040244  0.44207597 -0.10840813]
  [-0.3672072   0.8383881   0.40282044]
  [ 0.2689653  -0.31886405  0.90883625]]

 [[ 0.99602073  0.07806725  0.04299086]
  [-0.02008002  0.6665563  -0.7451842 ]
  [-0.08683032  0.74135566  0.6654715 ]]

 [[ 0.9430909   0.3301507   0.03974879]
  [-0.12150968  0.4534057  -0.8829828 ]
  [-0.30953968  0.8279033   0.46771932]]

 [[ 0.9806874  -0.01070863  0.19528846]
  [ 0.19060172  0.2762191  -0.9420053 ]
  [-0.04385482  0.961035    0.27292567]]

 [[ 0.9892256   0.14615527  0.00843979]
  [-0.14596021  0.98908097 -0.02035591]
  [-0.01132276  0.01890471  0.9997571 ]]

 [[ 0.9439309   0.25083697  0.21465133]
  [-0.2506494   0.9676569  -0.02855036]
  [-0.2148703  -0.02685266  0.9762734 ]]

 [[ 0.96513885 -0.02343648 -0.26068708]
  [ 0.09261569  0.9621254   0.2563924 ]
  [ 0.24480473 -0.27159798  0.9307552 ]]

 [[ 0.9906849   0.12716398  0.04871033]
  [-0.12322673  0.9894069  -0.0767408 ]
  [-0.057953    0.07002354  0.9958605 ]]

 [[ 0.9168875  -0.3987008   0.01883789]
  [ 0.39363003  0.9110288   0.12280833]
  [-0.06612564 -0.10518628  0.9922516 ]]

 [[ 0.9912138   0.10473719 -0.08077916]
  [-0.08591882  0.97417283  0.20881876]
  [ 0.10056395 -0.2000436   0.9746125 ]]

 [[ 0.99547917  0.06275649 -0.07129366]
  [-0.0777026   0.96976817 -0.23132637]
  [ 0.0546211   0.23582031  0.9702603 ]]

 [[ 0.9748229   0.15848537 -0.1568525 ]
  [-0.12576096  0.9716548   0.20017798]
  [ 0.18413176 -0.17541216  0.96712255]]

 [[ 0.948385    0.17923337  0.26161295]
  [-0.20942743  0.97346026  0.09227862]
  [-0.23813039 -0.14230458  0.9607515 ]]

 [[ 0.99120164  0.0823632   0.10361309]
  [-0.09355582  0.98971087  0.10825795]
  [-0.09363052 -0.11699906  0.9887086 ]]

 [[ 0.82704604  0.483961   -0.28596604]
  [-0.35880157  0.8460887   0.39420214]
  [ 0.43273106 -0.22341825  0.8734003 ]]

 [[ 0.9077548  -0.2906411   0.30250454]
  [ 0.1473279   0.8960457   0.4188038 ]
  [-0.39277947 -0.3356038   0.8562093 ]]

 [[ 0.37253845 -0.34398028 -0.86191225]
  [ 0.64741796  0.76175153 -0.02417813]
  [ 0.66487974 -0.54901016  0.50648075]]

 [[ 0.6808758   0.2223998   0.6978155 ]
  [-0.41233796  0.9038364   0.11426785]
  [-0.6052979  -0.36553803  0.7071042 ]]

 [[ 0.9770962  -0.2083387   0.04333622]
  [ 0.21253812  0.9655154  -0.15035804]
  [-0.01051639  0.15612486  0.9876813 ]]

 [[ 0.9896064   0.1437933  -0.00165869]
  [-0.14264195  0.9800893  -0.13812396]
  [-0.01823564  0.13692495  0.9904136 ]]

 [[ 0.9804441   0.18384537 -0.070216  ]
  [-0.17301051  0.9752486   0.13768663]
  [ 0.0937911  -0.12284593  0.9879839 ]]

 [[ 0.990019   -0.12373421  0.06746981]
  [ 0.11206187  0.9814497   0.15555876]
  [-0.08546618 -0.14644535  0.98551977]]]
[ 0.34046066  0.5667346  -0.08805832 -0.56903934 -0.13473517 -0.18282363
  0.09446234  0.08651023 -0.11758265  0.01824909]