[[[-0.8142019  -0.04521162 -0.5788188 ]
  [-0.171434   -0.9337876   0.3140878 ]
  [-0.55469424  0.3549601   0.7525408 ]]]
[[[ 0.82778376 -0.5342366  -0.17136292]
  [ 0.33375615  0.22338861  0.91580796]
  [-0.45097765 -0.81528443  0.3632222 ]]

 [[ 0.78664064  0.5966934  -0.15859891]
  [-0.5393354   0.7891403   0.2938962 ]
  [ 0.30052269 -0.14565267  0.9425877 ]]

 [[ 0.995901    0.0321773   0.08453369]
  [ 0.03380504  0.73444635 -0.6778244 ]
  [-0.08389603  0.67790353  0.7303481 ]]

 [[ 0.9333586   0.35298878  0.06511998]
  [-0.09977903  0.42941806 -0.89757687]
  [-0.34479836  0.8312635   0.43602192]]

 [[ 0.94695306  0.12001541  0.29812118]
  [ 0.1049592   0.76128566 -0.6398654 ]
  [-0.30374908  0.63721305  0.70830506]]

 [[ 0.991001    0.13384113 -0.00190077]
  [-0.13370182  0.98909146 -0.06182269]
  [-0.00639438  0.06152048  0.99808544]]

 [[ 0.9292386   0.33383572  0.15833285]
  [-0.3339554   0.94221205 -0.02665129]
  [-0.15808028 -0.02811071  0.98702604]]

 [[ 0.95960426 -0.14660268 -0.24014026]
  [ 0.18962716  0.96753514  0.16708487]
  [ 0.20784904 -0.20587246  0.95625067]]

 [[ 0.9898296   0.13159597  0.05403627]
  [-0.12992248  0.9909611  -0.03341074]
  [-0.05794456  0.02605041  0.9979799 ]]

 [[ 0.8751644  -0.47698852  0.0810504 ]
  [ 0.4636796   0.8747081   0.1410209 ]
  [-0.1381608  -0.08583506  0.98668325]]

 [[ 0.9565935   0.25933245 -0.13294959]
  [-0.22518359  0.94734424  0.22766478]
  [ 0.18498988 -0.18784457  0.96462077]]

 [[ 0.9958588   0.04284776 -0.08018398]
  [-0.05891858  0.9758645  -0.21027838]
  [ 0.06923875  0.21413188  0.9743478 ]]

 [[ 0.9701989   0.23869367 -0.04170535]
  [-0.23065093  0.9624816   0.14293109]
  [ 0.07425738 -0.12905222  0.9888536 ]]

 [[ 0.95586354  0.1525112   0.25112796]
  [-0.1826234   0.97796124  0.10119552]
  [-0.23015995 -0.14259095  0.9626496 ]]

 [[ 0.9826814   0.09683274  0.15798959]
  [-0.10522802  0.99339986  0.04564847]
  [-0.15252657 -0.06148284  0.98638505]]

 [[ 0.7835061   0.5991757  -0.16464128]
  [-0.5429629   0.7890033   0.28751525]
  [ 0.30217466 -0.13587582  0.94351906]]

 [[ 0.8112695  -0.30978703  0.49585652]
  [ 0.11191185  0.9146892   0.3883546 ]
  [-0.5738619  -0.25956804  0.7767283 ]]

 [[ 0.21123417 -0.36431748 -0.90700215]
  [ 0.6247435   0.7639736  -0.1613687 ]
  [ 0.7517151  -0.53255713  0.38898233]]

 [[ 0.21677332  0.2510214   0.94339687]
  [-0.5061868   0.8552187  -0.11124735]
  [-0.8347361  -0.45341954  0.31245232]]

 [[ 0.9827907  -0.1837258   0.01916126]
  [ 0.18410274  0.98269916 -0.02021305]
  [-0.0151161   0.02339284  0.99961203]]

 [[ 0.97998077  0.19886555 -0.00949193]
  [-0.19877136  0.9745857  -0.10330832]
  [-0.01129377  0.1031269   0.99460405]]

 [[ 0.98019606  0.18122806 -0.07982535]
  [-0.17116274  0.9780606   0.11874648]
  [ 0.09959423 -0.1027317   0.9897106 ]]

 [[ 0.9892366  -0.13920459  0.04508901]
  [ 0.1304402   0.9785672   0.15934749]
  [-0.06630453 -0.15175095  0.98619235]]]
[ 2.8768086e-01  6.1658943e-01 -9.8624140e-02 -7.3214245e-01
 -1.5351462e-01 -1.7799789e-01  1.2335588e-01  1.0274878e-01
 -1.3496414e-01  6.7675114e-04]