[[[-0.8632158  -0.05353489 -0.50198853]
  [-0.09840994 -0.9574416   0.271332  ]
  [-0.49515045  0.28361872  0.8212104 ]]]
[[[ 7.94949591e-01 -5.51452041e-01 -2.52894849e-01]
  [ 4.18661714e-01  1.96966067e-01  8.86525095e-01]
  [-4.39064324e-01 -8.10620189e-01  3.87449950e-01]]

 [[ 7.49314368e-01  6.35807753e-01 -1.85139149e-01]
  [-5.77264071e-01  7.64138341e-01  2.87851989e-01]
  [ 3.24490398e-01 -1.08817458e-01  9.39608812e-01]]

 [[ 9.95466292e-01  2.19325982e-02  9.25522223e-02]
  [ 4.47273329e-02  7.50812650e-01 -6.58999205e-01]
  [-8.39429423e-02  6.60151064e-01  7.46427715e-01]]

 [[ 9.63295698e-01  2.62558639e-01  5.58968745e-02]
  [-8.33058283e-02  4.90333021e-01 -8.67544770e-01]
  [-2.55189449e-01  8.31045508e-01  4.94208366e-01]]

 [[ 9.16805148e-01  1.23285398e-01  3.79827440e-01]
  [ 2.37408169e-02  9.32641149e-01 -3.60023290e-01]
  [-3.98628354e-01  3.39088678e-01  8.52123320e-01]]

 [[ 9.94644880e-01  1.03350788e-01  4.94109700e-04]
  [-1.03043385e-01  9.92032945e-01 -7.24759474e-02]
  [-7.98061956e-03  7.20369145e-02  9.97370124e-01]]

 [[ 9.28429425e-01  3.45690548e-01  1.36077181e-01]
  [-3.47073942e-01  9.37730432e-01 -1.41899036e-02]
  [-1.32509023e-01 -3.40545140e-02  9.90596712e-01]]

 [[ 9.53867197e-01 -2.27054730e-01 -1.96426764e-01]
  [ 2.42271349e-01  9.68536496e-01  5.69369085e-02]
  [ 1.77318662e-01 -1.01898827e-01  9.78864074e-01]]

 [[ 9.91192877e-01  1.15841165e-01  6.41685426e-02]
  [-1.16385058e-01  9.93192613e-01  4.79122065e-03]
  [-6.31767064e-02 -1.22172832e-02  9.97927606e-01]]

 [[ 8.69078815e-01 -4.77936059e-01  1.27589867e-01]
  [ 4.67775494e-01  8.77908826e-01  1.02284826e-01]
  [-1.60897881e-01 -2.92101502e-02  9.86538708e-01]]

 [[ 9.37636673e-01  3.06211889e-01 -1.64534912e-01]
  [-2.74824262e-01  9.42829311e-01  1.88532785e-01]
  [ 2.12859303e-01 -1.31557062e-01  9.68185782e-01]]

 [[ 9.93899226e-01 -1.46753779e-02 -1.09310709e-01]
  [ 4.31249011e-03  9.95521069e-01 -9.44416225e-02]
  [ 1.10207081e-01  9.33940709e-02  9.89510894e-01]]

 [[ 9.52597022e-01  2.70657569e-01 -1.38936549e-01]
  [-2.60208100e-01  9.61451769e-01  8.88948068e-02]
  [ 1.57640830e-01 -4.85285223e-02  9.86303389e-01]]

 [[ 9.19214547e-01  9.50046331e-02  3.82123977e-01]
  [-1.40642628e-01  9.85657811e-01  9.32647139e-02]
  [-3.67782891e-01 -1.39473200e-01  9.19392705e-01]]

 [[ 9.92731154e-01  4.34339866e-02  1.12242229e-01]
  [-5.47653250e-02  9.93486285e-01  9.99283046e-02]
  [-1.07170843e-01 -1.05348922e-01  9.88643467e-01]]

 [[ 7.06990242e-01  6.75594747e-01 -2.09133044e-01]
  [-6.42908037e-01  7.37165809e-01  2.07980618e-01]
  [ 2.94676304e-01 -1.25869466e-02  9.55514312e-01]]

 [[ 7.27123499e-01 -3.75539333e-01  5.74683905e-01]
  [ 1.67686895e-01  9.08913553e-01  3.81781608e-01]
  [-6.65712059e-01 -1.81235433e-01  7.23865449e-01]]

 [[ 3.94775271e-01 -3.47157300e-01 -8.50666940e-01]
  [ 5.04672885e-01  8.55620682e-01 -1.14971705e-01]
  [ 7.67761588e-01 -3.83920521e-01  5.12978792e-01]]

 [[ 5.01857877e-01  1.73892394e-01  8.47289920e-01]
  [-4.03629899e-01  9.13466156e-01  5.15998490e-02]
  [-7.64997780e-01 -3.67887318e-01  5.28618336e-01]]

 [[ 9.89475965e-01 -1.41096175e-01  3.20832729e-02]
  [ 1.38271809e-01  9.87340391e-01  7.77156726e-02]
  [-4.26425040e-02 -7.24615678e-02  9.96459186e-01]]

 [[ 9.77513671e-01  2.08387107e-01 -3.22775207e-02]
  [-2.10164964e-01  9.75279927e-01 -6.82625175e-02]
  [ 1.72545891e-02  7.35111460e-02  9.97145116e-01]]

 [[ 9.81570601e-01  1.69263259e-01 -8.87082815e-02]
  [-1.56909794e-01  9.78825271e-01  1.31454632e-01]
  [ 1.09080352e-01 -1.15112789e-01  9.87345159e-01]]

 [[ 9.89373565e-01 -1.38332725e-01  4.47662957e-02]
  [ 1.27630457e-01  9.73776639e-01  1.88333407e-01]
  [-6.96450472e-02 -1.80618554e-01  9.81084347e-01]]]
[ 0.3109656   0.57753426 -0.13192122 -0.7002077  -0.13679641 -0.12293301
  0.12882666  0.08428544 -0.10404971 -0.04748654]