[[[ 0.08638799  0.16383289 -0.9826983 ]
  [ 0.09926892 -0.9828926  -0.15513864]
  [-0.99130356 -0.08414929 -0.10117363]]]
[[[ 9.33876395e-01 -3.53721350e-01  5.24990745e-02]
  [ 2.78753549e-01  8.12047124e-01  5.12714326e-01]
  [-2.23989695e-01 -4.64177459e-01  8.56952727e-01]]

 [[ 9.78083611e-01 -8.98313802e-03  2.08018497e-01]
  [-1.87171787e-01  3.99716228e-01  8.97325754e-01]
  [-9.12091956e-02 -9.16594863e-01  3.89274508e-01]]

 [[ 9.84858871e-01 -5.83701879e-02 -1.63235903e-01]
  [-9.74188894e-02  5.92526436e-01 -7.99638629e-01]
  [ 1.43396661e-01  8.03433418e-01  5.77868581e-01]]

 [[ 9.95264232e-01  2.78134421e-02 -9.31429714e-02]
  [-8.55004042e-02  7.06353962e-01 -7.02676237e-01]
  [ 4.62480485e-02  7.07312226e-01  7.05386877e-01]]

 [[ 9.68759477e-01 -2.05545560e-01  1.38766676e-01]
  [ 1.51078239e-01  4.53877859e-02 -9.87479329e-01]
  [ 1.96673661e-01  9.77594495e-01  7.50233084e-02]]

 [[ 9.88231540e-01 -1.20828696e-01 -9.38016474e-02]
  [ 1.22070245e-01  9.92492437e-01  7.59172905e-03]
  [ 9.21801254e-02 -1.89527776e-02  9.95561898e-01]]

 [[ 9.64038312e-01  1.22425243e-01  2.35885903e-01]
  [-1.18198842e-01  9.92473245e-01 -3.20305452e-02]
  [-2.38031790e-01  2.99723051e-03  9.71252739e-01]]

 [[ 9.81872380e-01 -1.13334902e-01 -1.51926875e-01]
  [ 1.18862547e-01  9.92522061e-01  2.77794655e-02]
  [ 1.47642374e-01 -4.53343019e-02  9.88001287e-01]]

 [[ 9.84552562e-01 -8.11091214e-02 -1.55169830e-01]
  [ 8.01903009e-02  9.96705115e-01 -1.21823410e-02]
  [ 1.55646667e-01 -4.48959036e-04  9.87812757e-01]]

 [[ 9.75842416e-01 -2.03128338e-01  8.04387257e-02]
  [ 1.87578335e-01  9.67742801e-01  1.68191105e-01]
  [-1.12008378e-01 -1.49039462e-01  9.82466936e-01]]

 [[ 9.87756968e-01  1.52700931e-01  3.19162458e-02]
  [-1.55862376e-01  9.74619865e-01  1.60695344e-01]
  [-6.56788191e-03 -1.63702488e-01  9.86487865e-01]]

 [[ 9.84823883e-01  2.81078517e-02  1.71265513e-01]
  [-4.30480251e-03  9.90451097e-01 -1.37797624e-01]
  [-1.73503295e-01  1.34969130e-01  9.75540876e-01]]

 [[ 8.23569953e-01  6.02283552e-02 -5.64007878e-01]
  [-3.25709134e-02  9.97727454e-01  5.89833371e-02]
  [ 5.66278636e-01 -3.02066710e-02  8.23660016e-01]]

 [[ 9.10063863e-01 -1.17268741e-01  3.97532076e-01]
  [ 7.61960372e-02  9.90128100e-01  1.17645405e-01]
  [-4.07403827e-01 -7.67744780e-02  9.10015225e-01]]

 [[ 9.99054253e-01  4.34356816e-02  1.97842414e-03]
  [-4.33330908e-02  9.90884662e-01  1.27553001e-01]
  [ 3.57996207e-03 -1.27518103e-01  9.91829753e-01]]

 [[ 8.28117728e-01  4.15302694e-01 -3.76490146e-01]
  [-2.24805266e-01  8.61314237e-01  4.55631971e-01]
  [ 5.13501465e-01 -2.92679906e-01  8.06631804e-01]]

 [[ 7.11549938e-01 -6.36119604e-01  2.98410028e-01]
  [ 6.23372674e-01  7.67477572e-01  1.49615318e-01]
  [-3.24196219e-01  7.95618892e-02  9.42638159e-01]]

 [[ 8.88396621e-01 -1.89888686e-01 -4.17963773e-01]
  [ 3.23664010e-01  9.04741883e-01  2.76918203e-01]
  [ 3.25565696e-01 -3.81293058e-01  8.65229785e-01]]

 [[ 4.24518079e-01  3.48925650e-01  8.35485041e-01]
  [-4.19388503e-01  8.93579185e-01 -1.60092264e-01]
  [-8.02432358e-01 -2.82430768e-01  5.25675952e-01]]

 [[ 9.77332890e-01 -2.07554638e-01  4.17325012e-02]
  [ 2.11458430e-01  9.47443604e-01 -2.40074828e-01]
  [ 1.02894558e-02  2.43457690e-01  9.69856977e-01]]

 [[ 9.89289343e-01  1.44187018e-01  2.27319133e-02]
  [-1.44383892e-01  9.89495158e-01  7.26215169e-03]
  [-2.14460082e-02 -1.04664909e-02  9.99715328e-01]]

 [[ 9.87174094e-01  1.46278128e-01 -6.39535263e-02]
  [-1.32272169e-01  9.73717332e-01  1.85414582e-01]
  [ 8.93947631e-02 -1.74577191e-01  9.80577052e-01]]

 [[ 9.77291048e-01 -1.64807707e-01  1.33193851e-01]
  [ 1.50291473e-01  9.82209027e-01  1.12596042e-01]
  [-1.49380907e-01 -9.00212079e-02  9.84673262e-01]]]
[ 0.56550133  0.6843786  -0.6614481  -0.7186694  -0.2648021   0.0332807
  0.02335328  0.03761595  0.0709769   0.02009693]