[[[ 0.36617976  0.21088514 -0.9063331 ]
  [ 0.03157254 -0.97623676 -0.21439423]
  [-0.93000835  0.0498916  -0.36413634]]]
[[[ 0.9530207  -0.29036495 -0.08625381]
  [ 0.26389316  0.65611446  0.7070177 ]
  [-0.14870083 -0.6965644   0.701916  ]]

 [[ 0.96979004  0.14133528  0.1988255 ]
  [-0.23648442  0.74468446  0.62411547]
  [-0.05985272 -0.65228015  0.7556112 ]]

 [[ 0.9925737  -0.04339663 -0.11364101]
  [-0.04874272  0.71403944 -0.69840664]
  [ 0.11145265  0.69875914  0.70662147]]

 [[ 0.99325824  0.11214545 -0.029352  ]
  [-0.08587926  0.54178303 -0.8361196 ]
  [-0.07786459  0.83300334  0.54776144]]

 [[ 0.97700924  0.07203978  0.20065705]
  [ 0.08285088  0.73891205 -0.6686889 ]
  [-0.1964401   0.6699398   0.7159553 ]]

 [[ 0.9813846  -0.15120964 -0.11840611]
  [ 0.14589418  0.98791194 -0.05239172]
  [ 0.12489694  0.03414166  0.99158216]]

 [[ 0.9741731   0.18535742  0.1289551 ]
  [-0.1723644   0.97935605 -0.1056041 ]
  [-0.14586747  0.08064941  0.9860114 ]]

 [[ 0.98878926 -0.14725812 -0.02471528]
  [ 0.14260197  0.9803732  -0.13613574]
  [ 0.04427729  0.13108511  0.9903818 ]]

 [[ 0.98884517 -0.08335713 -0.12343722]
  [ 0.07726365  0.99558157 -0.05336333]
  [ 0.12734003  0.04323087  0.9909165 ]]

 [[ 0.96801925 -0.23069426  0.0985845 ]
  [ 0.2095528   0.95958304  0.18785088]
  [-0.13793615 -0.16118461  0.97723746]]

 [[ 0.9763748   0.20092267 -0.07951312]
  [-0.18414982  0.9662198   0.18030012]
  [ 0.11305353 -0.16139816  0.9803925 ]]

 [[ 0.9973502   0.07272466  0.00191632]
  [-0.06984548  0.9645689  -0.2544179 ]
  [-0.02035088  0.2536099   0.9670925 ]]

 [[ 0.88793087  0.0077078  -0.45991224]
  [ 0.01649486  0.9986829   0.04858306]
  [ 0.45968097 -0.0507246   0.88663423]]

 [[ 0.9147357  -0.21633604  0.34125853]
  [ 0.2086209   0.97617704  0.05963007]
  [-0.34602886  0.01664792  0.9380762 ]]

 [[ 0.994987    0.03888379 -0.09213501]
  [-0.04417195  0.9974493  -0.05606902]
  [ 0.08971983  0.05985773  0.9941667 ]]

 [[ 0.63276464  0.6581176  -0.40803197]
  [-0.47757468  0.74646544  0.46336988]
  [ 0.6095337  -0.09833833  0.78663725]]

 [[ 0.5159992  -0.779894    0.3542742 ]
  [ 0.81882626  0.5705351   0.06334981]
  [-0.25153202  0.2574006   0.93299335]]

 [[ 0.32302123 -0.24473163 -0.91420114]
  [ 0.5458679   0.83728766 -0.03126648]
  [ 0.7731012  -0.48893332  0.40405285]]

 [[ 0.5008693   0.33795753  0.7968153 ]
  [-0.3134229   0.92895705 -0.19698939]
  [-0.8067813  -0.1510742   0.57120967]]

 [[ 0.95164585 -0.30646458  0.02120188]
  [ 0.30687246  0.9515455  -0.01975826]
  [-0.01411935  0.02530914  0.99957985]]

 [[ 0.9765839   0.21512957 -0.00179054]
  [-0.21283633  0.9673206   0.13780953]
  [ 0.03137893 -0.13420147  0.9904571 ]]

 [[ 0.97751343  0.18744612 -0.09659972]
  [-0.17474553  0.9764574   0.12647103]
  [ 0.11803202 -0.10674675  0.98725563]]

 [[ 0.9740833  -0.20341009  0.09892486]
  [ 0.18317792  0.9659804   0.18255892]
  [-0.1326938  -0.15970673  0.9782056 ]]]
[ 0.37331712  0.53493094 -0.37956747 -0.499253   -0.18007678 -0.00792727
  0.06100681  0.07477093  0.06251793  0.02204883]