[[[-0.14380835  0.0483573  -0.98842347]
  [ 0.11451932 -0.99128187 -0.06515887]
  [-0.98295707 -0.12256397  0.13701676]]]
[[[ 0.97441053 -0.22017917 -0.04522307]
  [ 0.19363227  0.7200647   0.6663433 ]
  [-0.11415139 -0.6580486   0.7442724 ]]

 [[ 0.98019135 -0.05661448  0.18978879]
  [-0.16210431  0.32121325  0.9330296 ]
  [-0.11378565 -0.9453131   0.305673  ]]

 [[ 0.9902883  -0.05307733 -0.12849864]
  [-0.07937298  0.5429874  -0.8359812 ]
  [ 0.11414481  0.8380617   0.5335012 ]]

 [[ 0.9928585   0.03526964 -0.11396544]
  [-0.11356901  0.57192236 -0.8124082 ]
  [ 0.03652601  0.8195492   0.5718435 ]]

 [[ 0.9578886  -0.21699017  0.18805522]
  [ 0.15593903 -0.15681244 -0.9752398 ]
  [ 0.24110688  0.9634962  -0.11637162]]

 [[ 0.9926527  -0.09270652 -0.07775569]
  [ 0.09705125  0.9938086   0.05408799]
  [ 0.07225996 -0.06123688  0.99550414]]

 [[ 0.97111326  0.09814156  0.21750252]
  [-0.10258529  0.9946816   0.00920596]
  [-0.21544227 -0.03125259  0.9760164 ]]

 [[ 0.9815837  -0.08740447 -0.1698638 ]
  [ 0.10510568  0.9896045   0.09816197]
  [ 0.15951818 -0.11420786  0.9805663 ]]

 [[ 0.9887204  -0.06663725 -0.13413268]
  [ 0.06331682  0.9975757  -0.02887497]
  [ 0.13573164  0.02005642  0.9905427 ]]

 [[ 0.97480834 -0.21725182  0.05050119]
  [ 0.20544857  0.962733    0.17588684]
  [-0.08683089 -0.16108055  0.9831142 ]]

 [[ 0.9865697   0.14437796  0.07638787]
  [-0.1570146   0.96715283  0.19990458]
  [-0.04501692 -0.20921384  0.9768331 ]]

 [[ 0.97865486  0.01680211  0.20482275]
  [-0.01614569  0.9998578  -0.00487575]
  [-0.20487553  0.00146468  0.97878695]]

 [[ 0.8176884   0.0698344  -0.5714095 ]
  [-0.04080082  0.99714875  0.06347976]
  [ 0.5742133  -0.02859269  0.81820625]]

 [[ 0.8650341  -0.05654896  0.49851596]
  [-0.00899749  0.9917194   0.1281079 ]
  [-0.50163233 -0.11530311  0.85736233]]

 [[ 0.9929926   0.08654011  0.08047754]
  [-0.10194135  0.9717461   0.21287902]
  [-0.05978116 -0.21959126  0.9737587 ]]

 [[ 0.86394405  0.402075   -0.30321014]
  [-0.2607139   0.8722428   0.41378832]
  [ 0.4308468  -0.27843887  0.8583955 ]]

 [[ 0.7238245  -0.56808454  0.39160955]
  [ 0.5193531   0.8222316   0.23282506]
  [-0.45425805  0.03485917  0.89018786]]

 [[ 0.93543005 -0.14051472 -0.32438603]
  [ 0.22839756  0.9406066   0.25118494]
  [ 0.26982442 -0.3090549   0.9119649 ]]

 [[ 0.5608312   0.26585928  0.7840837 ]
  [-0.34252706  0.93669814 -0.07260711]
  [-0.75375307 -0.22784954  0.6163935 ]]

 [[ 0.98071855 -0.1942168   0.0216995 ]
  [ 0.19406389  0.95478094 -0.22523892]
  [ 0.02302691  0.2251071   0.97406185]]

 [[ 0.9902372   0.1334747   0.04018472]
  [-0.13040417  0.9888995  -0.07122117]
  [-0.04924487  0.06528559  0.99665076]]

 [[ 0.9857316   0.15350233 -0.06906688]
  [-0.13630989  0.96869147  0.20750064]
  [ 0.09875633 -0.19512545  0.97579366]]

 [[ 0.97785395 -0.16057767  0.13422559]
  [ 0.14540072  0.9825301   0.11616055]
  [-0.15053347 -0.09407155  0.98411906]]]
[ 0.6105246   0.79037    -0.72225374 -0.7399993  -0.3138064  -0.01164344
  0.03851202  0.08977047  0.03245245  0.05819109]