[[[ 0.71792847  0.18488517 -0.6711156 ]
  [ 0.14319927 -0.98269016 -0.11753269]
  [-0.68122876 -0.01172318 -0.7319767 ]]]
[[[ 0.97487783 -0.10408211 -0.19692649]
  [ 0.22263126  0.48294652  0.8468754 ]
  [ 0.00696038 -0.8694421   0.49398577]]

 [[ 0.96688485  0.22393413  0.12242231]
  [-0.236455    0.6055243   0.75988775]
  [ 0.09603512 -0.76367134  0.6384226 ]]

 [[ 0.9953354   0.09070057 -0.03287743]
  [-0.07877257  0.5672988  -0.819736  ]
  [-0.05569917  0.818502    0.5717973 ]]

 [[ 0.9976507   0.01282597 -0.0672953 ]
  [-0.06526945  0.47635296 -0.8768283 ]
  [ 0.02081013  0.87916064  0.476071  ]]

 [[ 0.97996587 -0.1913374   0.05529095]
  [ 0.13328558  0.42374912 -0.8959195 ]
  [ 0.14799343  0.88533986  0.4407622 ]]

 [[ 0.99410707 -0.10594548 -0.02294744]
  [ 0.10463353  0.9931328  -0.05233629]
  [ 0.02833465  0.04962681  0.9983658 ]]

 [[ 0.99311393  0.10223187  0.05721302]
  [-0.0997385   0.99400157 -0.04486672]
  [-0.06145665  0.03885142  0.99735326]]

 [[ 0.98476195 -0.13351555 -0.1114342 ]
  [ 0.1279871   0.9902271  -0.05540368]
  [ 0.11774241  0.04029729  0.99222624]]

 [[ 0.99520755 -0.09578567 -0.01967415]
  [ 0.0946733   0.994186   -0.05129557]
  [ 0.02447314  0.04918712  0.99848974]]

 [[ 0.9645847  -0.2181642   0.14825909]
  [ 0.18962498  0.96423805  0.18516828]
  [-0.18335415 -0.15049686  0.9714587 ]]

 [[ 0.97526044  0.21151909 -0.06424011]
  [-0.19588351  0.9615812   0.1923309 ]
  [ 0.10245374 -0.17498913  0.97922516]]

 [[ 0.998586   -0.00288829 -0.05308145]
  [-0.00307965  0.9937028  -0.11200518]
  [ 0.05307069  0.11201029  0.9922888 ]]

 [[ 0.8764612   0.13514632 -0.46211597]
  [-0.10478497  0.9903332   0.0908861 ]
  [ 0.4699317  -0.03123534  0.88214993]]

 [[ 0.89147484 -0.34244257  0.29665765]
  [ 0.33275798  0.93924195  0.08424202]
  [-0.30748135  0.02361557  0.95126104]]

 [[ 0.98454684 -0.07586054 -0.15783747]
  [ 0.08008477  0.99657583  0.02056823]
  [ 0.15573668 -0.03289077  0.98725086]]

 [[ 0.5043068   0.6816796  -0.5300826 ]
  [-0.6107672   0.7155279   0.33909184]
  [ 0.61044085  0.15275073  0.7771931 ]]

 [[ 0.6330386  -0.7127713   0.30202538]
  [ 0.72702277  0.68141824  0.08430386]
  [-0.26589495  0.16621172  0.949565  ]]

 [[ 0.07528973 -0.35170883 -0.93307674]
  [ 0.3281285   0.89235836 -0.30988407]
  [ 0.9416279  -0.28283796  0.18259111]]

 [[-0.1792906   0.46977252  0.86438924]
  [-0.3944116   0.7706028  -0.50061053]
  [-0.9012738  -0.4306799   0.04712188]]

 [[ 0.9386516  -0.34483173  0.00491997]
  [ 0.3447278   0.9377726  -0.04177656]
  [ 0.00979207  0.04090968  0.9991148 ]]

 [[ 0.9244387   0.37819755  0.04878183]
  [-0.37753874  0.925722   -0.02243355]
  [-0.05364272  0.00232141  0.9985575 ]]

 [[ 0.96798784  0.22475575 -0.11173365]
  [-0.20564286  0.9653974   0.16037092]
  [ 0.14391166 -0.13225988  0.98071235]]

 [[ 0.9654215  -0.24657837  0.08461906]
  [ 0.22767432  0.95560086  0.18705972]
  [-0.12698694 -0.1613259   0.9786972 ]]]
[ 0.5210908   0.6433491  -0.17586327 -0.5532296  -0.17611372 -0.14168766
  0.01515415  0.09959422 -0.0291505  -0.03954506]