[[[-0.7233821  -0.0640416  -0.6874714 ]
  [-0.25884095 -0.8979198   0.35600775]
  [-0.6400934   0.4354754   0.6329625 ]]]
[[[ 0.92069364 -0.37312713 -0.11445247]
  [ 0.22279571  0.2616969   0.939083  ]
  [-0.3204455  -0.8901072   0.3240738 ]]

 [[ 0.9565137   0.28502193 -0.06199951]
  [-0.20813327  0.8158406   0.5395225 ]
  [ 0.20435748 -0.5031566   0.83968526]]

 [[ 0.9940767   0.10853508 -0.00562733]
  [-0.07309716  0.62938744 -0.7736461 ]
  [-0.08042598  0.76947486  0.633593  ]]

 [[ 0.94130117  0.33539206  0.03826562]
  [-0.12061278  0.4400325  -0.8898449 ]
  [-0.31528503  0.8329967   0.45465568]]

 [[ 0.97775227 -0.11466368  0.17564958]
  [ 0.18089695  0.0370038  -0.98280567]
  [ 0.10619242  0.99271494  0.05692286]]

 [[ 0.9915285   0.12988223 -0.00134183]
  [-0.12982257  0.99129814  0.02177337]
  [ 0.00415812 -0.02141472  0.999762  ]]

 [[ 0.95227057  0.21695353  0.21473691]
  [-0.21438093  0.97610515 -0.03548902]
  [-0.21730529 -0.01224036  0.9760269 ]]

 [[ 0.9696308  -0.00266616 -0.24455874]
  [ 0.06922019  0.96204734  0.26395726]
  [ 0.23457335 -0.2728695   0.9330153 ]]

 [[ 0.9953139   0.0960498   0.0111678 ]
  [-0.09466379  0.9914253  -0.09008151]
  [-0.01972435  0.08860219  0.9958718 ]]

 [[ 0.92974734 -0.36816877 -0.0046526 ]
  [ 0.36417738  0.91765857  0.15898947]
  [-0.05426546 -0.1495144   0.98726934]]

 [[ 0.9949219   0.08830662 -0.04829433]
  [-0.07562897  0.9725168   0.22020736]
  [ 0.06641282 -0.21543667  0.9742568 ]]

 [[ 0.99712276  0.04762682 -0.05897314]
  [-0.05940531  0.97421736 -0.21765016]
  [ 0.04708667  0.22052726  0.9742436 ]]

 [[ 0.96960926  0.10974916 -0.21866156]
  [-0.06816948  0.9795385   0.18936008]
  [ 0.23496953 -0.16869926  0.95725113]]

 [[ 0.93049014  0.2060143   0.30289638]
  [-0.24871472  0.9623681   0.10949287]
  [-0.2689407  -0.17721681  0.9467128 ]]

 [[ 0.9959767   0.05113464  0.07359135]
  [-0.06045107  0.9896014   0.13051723]
  [-0.06615215 -0.1344408   0.98871106]]

 [[ 0.8470784   0.44591647 -0.2891655 ]
  [-0.30425698  0.8529839   0.42408267]
  [ 0.43575898 -0.27125067  0.8582174 ]]

 [[ 0.9169294  -0.26265952  0.30041695]
  [ 0.12282279  0.90204644  0.41379556]
  [-0.37967736 -0.3425233   0.8593735 ]]

 [[ 0.37352976 -0.3377662  -0.8639383 ]
  [ 0.66918176  0.7430977  -0.00119682]
  [ 0.64239484 -0.57768476  0.5035961 ]]

 [[ 0.6378565   0.2521526   0.7277075 ]
  [-0.46301353  0.88061106  0.10071047]
  [-0.6154329  -0.4011772   0.67845356]]

 [[ 0.96682566 -0.25430822  0.02398835]
  [ 0.25486672  0.95413107 -0.15708837]
  [ 0.01706083  0.1579909   0.9872931 ]]

 [[ 0.98463255  0.17274196  0.02567045]
  [-0.16746676  0.97563136 -0.14176852]
  [-0.04953427  0.13529094  0.9895669 ]]

 [[ 0.98083466  0.17924641 -0.07638104]
  [-0.16726115  0.97566557  0.14177604]
  [ 0.0999352  -0.12628327  0.9869476 ]]

 [[ 0.9881246  -0.12930715  0.08300225]
  [ 0.11784773  0.98440295  0.13062409]
  [-0.09859829 -0.11929125  0.98795134]]]
[ 0.45865324  0.7192457  -0.1485059  -0.57743967 -0.16394925 -0.25185198
  0.11878121  0.11153008 -0.13002285  0.07121587]