[[[-0.8407233  -0.0543762  -0.5387277 ]
  [-0.15479656 -0.9292828   0.33536777]
  [-0.5188664   0.3653447   0.7728524 ]]]
[[[ 8.10918689e-01 -5.42110443e-01 -2.20288813e-01]
  [ 3.65605146e-01  1.75450400e-01  9.14084315e-01]
  [-4.56884891e-01 -8.21786702e-01  3.40474367e-01]]

 [[ 7.39309609e-01  6.54281795e-01 -1.59174919e-01]
  [-5.86027682e-01  7.41610706e-01  3.26473981e-01]
  [ 3.31651777e-01 -1.48084447e-01  9.31707144e-01]]

 [[ 9.96453226e-01 -1.25550600e-02  8.32066387e-02]
  [ 6.57318681e-02  7.33499825e-01 -6.76503718e-01]
  [-5.25385141e-02  6.79573655e-01  7.31723547e-01]]

 [[ 9.41158175e-01  3.30092728e-01  7.25261271e-02]
  [-8.65465924e-02  4.42837745e-01 -8.92414927e-01]
  [-3.26696843e-01  8.33626807e-01  4.45348769e-01]]

 [[ 9.29233432e-01  1.13746323e-01  3.51549476e-01]
  [ 4.99905646e-02  9.03986394e-01 -4.24628824e-01]
  [-3.66095871e-01  4.12153423e-01  8.34328115e-01]]

 [[ 9.93930340e-01  1.09969802e-01 -3.00858426e-03]
  [-1.09991930e-01  9.92878914e-01 -4.57526557e-02]
  [-2.04424956e-03  4.58058752e-02  9.98948276e-01]]

 [[ 9.32548404e-01  3.38579655e-01  1.25368580e-01]
  [-3.40918720e-01  9.40088093e-01 -2.96323560e-03]
  [-1.18860796e-01 -3.99771333e-02  9.92105782e-01]]

 [[ 9.53043759e-01 -2.24816233e-01 -2.02892572e-01]
  [ 2.50641465e-01  9.61599350e-01  1.11828372e-01]
  [ 1.69960529e-01 -1.57430604e-01  9.72794533e-01]]

 [[ 9.90692437e-01  1.21334083e-01  6.16967119e-02]
  [-1.21547222e-01  9.92585599e-01 -3.00288346e-04]
  [-6.12757020e-02 -7.20157195e-03  9.98094857e-01]]

 [[ 8.66055131e-01 -4.87022698e-01  1.12948582e-01]
  [ 4.69267130e-01  8.69814277e-01  1.52353361e-01]
  [-1.72443837e-01 -7.89433569e-02  9.81850863e-01]]

 [[ 9.29220557e-01  3.34786057e-01 -1.56421140e-01]
  [-3.00681472e-01  9.31082249e-01  2.06583112e-01]
  [ 2.14802071e-01 -1.44928321e-01  9.65844750e-01]]

 [[ 9.94988859e-01  1.93377770e-02 -9.80982855e-02]
  [-2.82960534e-02  9.95470107e-01 -9.07667726e-02]
  [ 9.58986878e-02  9.30877104e-02  9.91028845e-01]]

 [[ 9.51541781e-01  3.00797611e-01 -6.39445633e-02]
  [-2.95277566e-01  9.51777577e-01  8.32506418e-02]
  [ 8.59025940e-02 -6.03350773e-02  9.94474947e-01]]

 [[ 9.54736471e-01  1.02374531e-01  2.79280692e-01]
  [-1.34776622e-01  9.85882640e-01  9.93512347e-02]
  [-2.65166968e-01 -1.32494763e-01  9.55055833e-01]]

 [[ 9.86256778e-01  9.68529209e-02  1.33854643e-01]
  [-1.04526266e-01  9.93186533e-01  5.15239127e-02]
  [-1.27952382e-01 -6.48071319e-02  9.89660621e-01]]

 [[ 7.02187955e-01  6.91573560e-01 -1.69287130e-01]
  [-6.58196270e-01  7.21182227e-01  2.16041401e-01]
  [ 2.71495372e-01 -4.02775072e-02  9.61596608e-01]]

 [[ 7.95199871e-01 -2.97047794e-01  5.28601706e-01]
  [ 7.38508478e-02  9.12737787e-01  4.01815742e-01]
  [-6.01833165e-01 -2.80486137e-01  7.47746229e-01]]

 [[ 2.25903779e-01 -3.88279825e-01 -8.93423975e-01]
  [ 5.65794587e-01  7.98879206e-01 -2.04128802e-01]
  [ 7.92996883e-01 -4.59380955e-01  4.00156468e-01]]

 [[ 3.32128435e-01  2.23916054e-01  9.16270912e-01]
  [-5.48472464e-01  8.36150348e-01 -5.52694220e-03]
  [-7.67377794e-01 -5.00713706e-01  4.00521100e-01]]

 [[ 9.87097204e-01 -1.60120517e-01 -6.71553018e-04]
  [ 1.59878656e-01  9.85357821e-01  5.92339374e-02]
  [-8.82284902e-03 -5.85770272e-02  9.98243809e-01]]

 [[ 9.70685422e-01  2.39993185e-01 -1.31597500e-02]
  [-2.40196362e-01  9.66613948e-01 -8.92363489e-02]
  [-8.69571604e-03  8.97813365e-02  9.95923579e-01]]

 [[ 9.78059173e-01  1.86505973e-01 -9.28216726e-02]
  [-1.73967138e-01  9.76315856e-01  1.28618523e-01]
  [ 1.14611395e-01 -1.09648593e-01  9.87340569e-01]]

 [[ 9.86373603e-01 -1.57191962e-01  4.85582575e-02]
  [ 1.46229133e-01  9.72904801e-01  1.79089919e-01]
  [-7.53940642e-02 -1.69548914e-01  9.82633650e-01]]]
[ 0.3791451   0.7003901  -0.11630937 -0.78702843 -0.14071083 -0.2009986
  0.16020754  0.13927303 -0.11700395  0.00236034]