[[[-0.6751246  -0.07726953 -0.7336458 ]
  [-0.25017202 -0.91158646  0.3262271 ]
  [-0.693989    0.4037816   0.5961038 ]]]
[[[ 0.9424936  -0.3168448  -0.10637257]
  [ 0.20719315  0.3041593   0.9298161 ]
  [-0.2622532  -0.89838547  0.3523163 ]]

 [[ 0.98273     0.17634998 -0.05605698]
  [-0.1135456   0.81387967  0.56983083]
  [ 0.1461133  -0.55362487  0.8198477 ]]

 [[ 0.99120194  0.12722088 -0.03651928]
  [-0.10743485  0.6121684  -0.78339505]
  [-0.07730826  0.780426    0.62045044]]

 [[ 0.949253    0.31192812  0.04024282]
  [-0.11511346  0.46364996 -0.8785086 ]
  [-0.29269016  0.82929456  0.47602826]]

 [[ 0.97075516 -0.16042902  0.17859747]
  [ 0.16974023 -0.06742652 -0.9831795 ]
  [ 0.16977273  0.9847417  -0.03822338]]

 [[ 0.9932148   0.11548351 -0.01371053]
  [-0.11503816  0.9929157   0.02974329]
  [ 0.01704826 -0.02796424  0.99946356]]

 [[ 0.95195067  0.2081229   0.22466558]
  [-0.20449308  0.97806776 -0.03957389]
  [-0.22797439 -0.00827017  0.9736319 ]]

 [[ 0.9749477   0.02048814 -0.2214887 ]
  [ 0.03589032  0.9682118   0.24754338]
  [ 0.21951969 -0.24929115  0.94322056]]

 [[ 0.9966549   0.08032005 -0.01508549]
  [-0.0811835   0.9942475  -0.0698651 ]
  [ 0.00938715  0.07085609  0.9974423 ]]

 [[ 0.9353579  -0.35272452 -0.02628788]
  [ 0.3528901   0.9255927   0.13691856]
  [-0.02396266 -0.13734457  0.9902335 ]]

 [[ 0.99821925  0.03663718 -0.04707611]
  [-0.02468822  0.9721447   0.23307744]
  [ 0.05430409 -0.23150013  0.97131807]]

 [[ 0.9974688   0.01633927 -0.06920295]
  [-0.02959426  0.98033714 -0.19509774]
  [ 0.06465448  0.1966519   0.9783393 ]]

 [[ 0.93775773  0.02823203 -0.3461407 ]
  [ 0.03542555  0.98371524  0.17620829]
  [ 0.3454786  -0.17750292  0.92148644]]

 [[ 0.8919132   0.23137778  0.3885296 ]
  [-0.29644832  0.9479795   0.1159879 ]
  [-0.3414811  -0.21863008  0.91410697]]

 [[ 0.99818724  0.03854428  0.04622326]
  [-0.04950582  0.9625916   0.2663956 ]
  [-0.03422609 -0.26820102  0.9627548 ]]

 [[ 0.8225442   0.44630325 -0.35246897]
  [-0.26395425  0.8485835   0.4585129 ]
  [ 0.5037352  -0.28411147  0.8158011 ]]

 [[ 0.88411707 -0.3169547   0.34333184]
  [ 0.1778917   0.90775216  0.3799218 ]
  [-0.4320782  -0.27481946  0.8589428 ]]

 [[ 0.31850067 -0.34610146 -0.8824801 ]
  [ 0.66413414  0.74574804 -0.05278007]
  [ 0.6763751  -0.5692746   0.46737906]]

 [[ 0.40974662  0.31923833  0.8545142 ]
  [-0.45698723  0.8825714  -0.11059108]
  [-0.7894747  -0.34518775  0.5075185 ]]

 [[ 0.95420146 -0.29836565  0.02185233]
  [ 0.29616866  0.9318096  -0.20979741]
  [ 0.04223414  0.20666097  0.9775006 ]]

 [[ 0.9753842   0.2177869   0.03456262]
  [-0.20951246  0.96416026 -0.16278662]
  [-0.0687767   0.1515382   0.98605573]]

 [[ 0.97973007  0.17989182 -0.08813554]
  [-0.16725701  0.9767218   0.13431084]
  [ 0.11024534 -0.11684708  0.9870119 ]]

 [[ 0.98848766 -0.12427526  0.08630056]
  [ 0.11372394  0.98648375  0.11796926]
  [-0.09979475 -0.10679672  0.9892601 ]]]
[ 0.27036548  0.5994051  -0.11869021 -0.5262891  -0.17947346 -0.17633474
  0.12794864  0.05225345 -0.09552777  0.10003553]