[[[-0.3958991  -0.02731125 -0.9178878 ]
  [ 0.05049297 -0.99869287  0.00793716]
  [-0.9169048  -0.04320458  0.3967606 ]]]
[[[ 0.9726859  -0.210134   -0.0986203 ]
  [ 0.20246331  0.5602069   0.80322903]
  [-0.11353796 -0.8012565   0.5874497 ]]

 [[ 0.98673016 -0.10763967  0.12156229]
  [-0.07239442  0.37848833  0.92277074]
  [-0.14533663 -0.919326    0.36567333]]

 [[ 0.9943373  -0.00138832 -0.10626068]
  [-0.09265067  0.47841597 -0.87323195]
  [ 0.05204913  0.8781323   0.47557822]]

 [[ 0.9879267   0.11706893 -0.10146712]
  [-0.14316855  0.43966964 -0.8866754 ]
  [-0.05919011  0.8904973   0.451122  ]]

 [[ 0.95647323 -0.21650949  0.19565949]
  [ 0.13178144 -0.2777613  -0.95156837]
  [ 0.26037022  0.9359339  -0.23713933]]

 [[ 0.9970243  -0.03304391 -0.06964657]
  [ 0.03889744  0.9956691   0.08443896]
  [ 0.06655475 -0.08689677  0.9939916 ]]

 [[ 0.9680939   0.09602782  0.23145808]
  [-0.09817259  0.9951668  -0.00226129]
  [-0.23055656 -0.0205337   0.97284216]]

 [[ 0.97914463 -0.01423074 -0.20266539]
  [ 0.05236335  0.9815183   0.18406478]
  [ 0.19630042 -0.19083828  0.9617936 ]]

 [[ 0.9923795  -0.02713422 -0.12019476]
  [ 0.02486243  0.99948347 -0.02036065]
  [ 0.12068516  0.01721715  0.9925415 ]]

 [[ 0.97778904 -0.20705171  0.03252919]
  [ 0.19901161  0.9658692   0.1658044 ]
  [-0.06574903 -0.15564804  0.985622  ]]

 [[ 0.99233836  0.05338033  0.11142345]
  [-0.07607338  0.9746082   0.21059859]
  [-0.09735238 -0.2174614   0.9712019 ]]

 [[ 0.9825539  -0.03680629  0.18229951]
  [ 0.03419825  0.999263    0.01743033]
  [-0.18280673 -0.01089191  0.98308843]]

 [[ 0.7942023   0.00519066 -0.60763127]
  [ 0.03841576  0.99753433  0.05873256]
  [ 0.6064379  -0.06998814  0.7920447 ]]

 [[ 0.80874467  0.04469691  0.5864591 ]
  [-0.1374297   0.98386735  0.11453434]
  [-0.5718786  -0.17322592  0.8018401 ]]

 [[ 0.997146    0.04585904  0.05997256]
  [-0.06382486  0.9363586   0.3451941 ]
  [-0.04032554 -0.34803668  0.93661314]]

 [[ 0.8969067   0.32913217 -0.295348  ]
  [-0.1951176   0.89388555  0.40360594]
  [ 0.39684698 -0.30436927  0.8659514 ]]

 [[ 0.7005967  -0.58229524  0.41242757]
  [ 0.49980006  0.8129711   0.29879403]
  [-0.509278   -0.00320279  0.86059606]]

 [[ 0.97626567 -0.08447728 -0.19942154]
  [ 0.12108558  0.97633535  0.17918594]
  [ 0.17956515 -0.19908015  0.96339166]]

 [[ 0.6332234   0.26335496  0.7277859 ]
  [-0.2583254   0.9583215  -0.12201538]
  [-0.7295863  -0.11074258  0.6748629 ]]

 [[ 0.9819301  -0.18853062  0.0164145 ]
  [ 0.18471634  0.935967   -0.29974243]
  [ 0.04114719  0.29735816  0.9538789 ]]

 [[ 0.98621124  0.16203995  0.03362231]
  [-0.15535     0.9764957  -0.149407  ]
  [-0.05704195  0.14212364  0.98820394]]

 [[ 0.99023545  0.11842133 -0.07355312]
  [-0.09928746  0.9694777   0.22417626]
  [ 0.09785535 -0.2146844   0.971769  ]]

 [[ 0.9836785  -0.12905663  0.12538363]
  [ 0.11416288  0.9862496   0.11949305]
  [-0.13908091 -0.10322858  0.98488605]]]
[ 0.53762126  0.54179657 -0.58021027 -0.58161485 -0.18521929  0.04282764
  0.0736424  -0.01906344 -0.01694591  0.03146869]