[[[-0.44451997 -0.05574375 -0.8940327 ]
  [-0.08552065 -0.99086183  0.10430265]
  [-0.89167714  0.12282289  0.43569064]]]
[[[ 0.9766476  -0.19257066 -0.09526855]
  [ 0.17668426  0.46759936  0.8661025 ]
  [-0.12223841 -0.8627093   0.490704  ]]

 [[ 0.9929934  -0.11506198  0.02692456]
  [ 0.02684135  0.4415076   0.89685595]
  [-0.11508141 -0.8898493   0.44150257]]

 [[ 0.9893249   0.07173986 -0.12684502]
  [-0.14562382  0.51939213 -0.8420366 ]
  [ 0.00547471  0.85151935  0.5242946 ]]

 [[ 0.98093516  0.18054992 -0.07188864]
  [-0.14439109  0.4295485  -0.89142555]
  [-0.13006712  0.8848107   0.44742903]]

 [[ 0.9303094  -0.28160635  0.23499413]
  [ 0.11083634 -0.39489865 -0.91201454]
  [ 0.34962788  0.8745016  -0.33616573]]

 [[ 0.9957357  -0.01336357 -0.09127904]
  [ 0.02272972  0.9944882   0.10235518]
  [ 0.0894081  -0.10399345  0.9905511 ]]

 [[ 0.97011906  0.09986289  0.2211255 ]
  [-0.09914137  0.99496937 -0.01438811]
  [-0.22144991 -0.0079645   0.9751393 ]]

 [[ 0.9767696  -0.02917057 -0.21229747]
  [ 0.07473452  0.9748625   0.20989951]
  [ 0.20083795 -0.22088942  0.9543961 ]]

 [[ 0.9913808  -0.023769   -0.12883717]
  [ 0.01842008  0.9989244  -0.0425508 ]
  [ 0.12971     0.03981086  0.9907523 ]]

 [[ 0.9713309  -0.23689781  0.01989321]
  [ 0.22898714  0.95480794  0.18949088]
  [-0.06388416 -0.17950305  0.981681  ]]

 [[ 0.98876935  0.0663951   0.13389139]
  [-0.09580538  0.9691949   0.22689755]
  [-0.11470197 -0.23717685  0.9646712 ]]

 [[ 0.98917997  0.00897954  0.146432  ]
  [-0.01620731  0.99870425  0.04824107]
  [-0.14580907 -0.05009237  0.9880438 ]]

 [[ 0.81088674 -0.00635897 -0.58516854]
  [ 0.04895151  0.9971735   0.05699746]
  [ 0.5831522  -0.07486337  0.808906  ]]

 [[ 0.841669    0.09660906  0.5312815 ]
  [-0.19694875  0.9710134   0.13544035]
  [-0.5027967  -0.21863115  0.83629894]]

 [[ 0.9981523   0.04827837  0.03689451]
  [-0.05811006  0.93589264  0.3474595 ]
  [-0.01775454 -0.34896144  0.93696886]]

 [[ 0.8880063   0.33330396 -0.3167858 ]
  [-0.17854801  0.88479084  0.43042523]
  [ 0.42375162 -0.32565886  0.8452106 ]]

 [[ 0.7719888  -0.5291625   0.3521653 ]
  [ 0.4457282   0.8456549   0.29358864]
  [-0.4531664  -0.06967711  0.8886988 ]]

 [[ 0.9423933  -0.13407487 -0.30646163]
  [ 0.20856826  0.9517824   0.22496526]
  [ 0.26152265 -0.27592394  0.9249171 ]]

 [[ 0.62861335  0.27048475  0.72916615]
  [-0.32748857  0.9424569  -0.06727754]
  [-0.7054052  -0.19650201  0.68102163]]

 [[ 0.97963375 -0.2002583   0.01463997]
  [ 0.19646658  0.940923   -0.27579862]
  [ 0.04145588  0.2730579   0.961104  ]]

 [[ 0.9877818   0.13659282  0.07502955]
  [-0.12309746  0.97910404 -0.16187117]
  [-0.09557218  0.15065745  0.9839554 ]]

 [[ 0.9906982   0.11539965 -0.07211094]
  [-0.0985349   0.9738465   0.20472889]
  [ 0.09385063 -0.1957191   0.97615886]]

 [[ 0.983493   -0.12553956  0.1303125 ]
  [ 0.11433001  0.98933667  0.09023029]
  [-0.14025043 -0.07384223  0.98735857]]]
[ 0.5568173   0.7843185  -0.5715987  -0.5492897  -0.25031018 -0.0822665
  0.09198205  0.0643128  -0.0701111   0.10854819]