[[[-0.8238564  -0.05434224 -0.5641874 ]
  [-0.15567876 -0.93541586  0.31742916]
  [-0.54499966  0.34934807  0.76218843]]]
[[[ 0.81718016 -0.5417789  -0.19670302]
  [ 0.35789996  0.20945013  0.909966  ]
  [-0.45180097 -0.8140062   0.36506113]]

 [[ 0.75272703  0.63850135 -0.16036859]
  [-0.57511264  0.75631607  0.31181973]
  [ 0.32038668 -0.14248513  0.9365097 ]]

 [[ 0.9960156  -0.00470557  0.08905502]
  [ 0.06413818  0.73162776 -0.6786804 ]
  [-0.06196155  0.68168813  0.72901446]]

 [[ 0.9397593   0.33398646  0.07283916]
  [-0.09614892  0.46273595 -0.88126665]
  [-0.32803643  0.8211751   0.46697286]]

 [[ 0.9312579   0.12820713  0.34105954]
  [ 0.05785204  0.872147   -0.48581147]
  [-0.35973853  0.4721468   0.8047768 ]]

 [[ 0.9931629   0.11666375  0.00414335]
  [-0.11621073  0.99142706 -0.05972792]
  [-0.01107591  0.05883805  0.99820614]]

 [[ 0.92749554  0.34714323  0.13872164]
  [-0.34903187  0.93704313 -0.01126509]
  [-0.13389876 -0.03796995  0.9902674 ]]

 [[ 0.9525952  -0.20790744 -0.22211935]
  [ 0.23644094  0.9653499   0.11043203]
  [ 0.19146325 -0.15771513  0.9687455 ]]

 [[ 0.99034375  0.1228639   0.06421588]
  [-0.12270106  0.9924225  -0.0064883 ]
  [-0.06452645 -0.00145371  0.99791497]]

 [[ 0.8646412  -0.49174246  0.1028835 ]
  [ 0.4772848   0.8679518   0.13732749]
  [-0.15682769 -0.06963427  0.9851681 ]]

 [[ 0.9385792   0.3118109  -0.14779387]
  [-0.27792168  0.9369622   0.21180514]
  [ 0.2045204  -0.15772077  0.96607226]]

 [[ 0.9951177   0.01286317 -0.09785341]
  [-0.02588848  0.9907737  -0.13303143]
  [ 0.09523937  0.1349152   0.9862695 ]]

 [[ 0.96024656  0.27243924 -0.06085559]
  [-0.26603612  0.9591556   0.09615199]
  [ 0.08456556 -0.07613983  0.9935046 ]]

 [[ 0.9429001   0.14176634  0.30139953]
  [-0.17459708  0.98098195  0.08479568]
  [-0.28364632 -0.13257733  0.94971997]]

 [[ 0.98429406  0.10001856  0.14547023]
  [-0.10923732  0.99239105  0.0568098 ]
  [-0.1386813  -0.07180832  0.9877304 ]]

 [[ 0.7336312   0.6631516  -0.14837524]
  [-0.6257451   0.7443954   0.23306346]
  [ 0.26500624 -0.07813754  0.96107554]]

 [[ 0.8024934  -0.29178658  0.52044696]
  [ 0.09703531  0.9244768   0.36868262]
  [-0.58871776 -0.24536361  0.77020013]]

 [[ 0.243714   -0.37508553 -0.8943794 ]
  [ 0.5772175   0.79717046 -0.17702903]
  [ 0.77937376 -0.47310698  0.41078755]]

 [[ 0.2967092   0.22831316  0.9272738 ]
  [-0.47115937  0.87958956 -0.06581073]
  [-0.83064586 -0.4173671   0.3685542 ]]

 [[ 0.9862881  -0.16496778  0.00463906]
  [ 0.16471922  0.98575646  0.03393837]
  [-0.01017172 -0.03270886  0.9994132 ]]

 [[ 0.97555137  0.21964358 -0.00749809]
  [-0.21928564  0.97056043 -0.09963062]
  [-0.01460587  0.09883901  0.99499625]]

 [[ 0.97964174  0.18161581 -0.08554491]
  [-0.1698498   0.97697866  0.12908818]
  [ 0.10702001 -0.11193036  0.9879365 ]]

 [[ 0.9884279  -0.14504345  0.04441463]
  [ 0.13491014  0.97441643  0.17975514]
  [-0.06935064 -0.17168303  0.9827082 ]]]
[ 0.31150326  0.6439523  -0.13733548 -0.7854167  -0.14232755 -0.17329204
  0.13848153  0.11738594 -0.11934286 -0.0094178 ]