[[[ 0.4228624   0.1776416  -0.88861173]
  [ 0.02313083 -0.98239416 -0.18538234]
  [-0.9058987   0.05783688 -0.41952655]]]
[[[ 0.96486384 -0.21001954 -0.15789092]
  [ 0.25330377  0.58381796  0.7713585 ]
  [-0.06982079 -0.78425026  0.6165036 ]]

 [[ 0.9592387   0.18266581  0.21562561]
  [-0.27948198  0.72618234  0.6281315 ]
  [-0.04184534 -0.66279143  0.747634  ]]

 [[ 0.99775267 -0.0315184  -0.05912877]
  [-0.01753475  0.72888273 -0.68441397]
  [ 0.06466957  0.68391263  0.726692  ]]

 [[ 0.9937661   0.0994374  -0.05040971]
  [-0.09327391  0.49391446 -0.8644932 ]
  [-0.06106491  0.8638059   0.5001104 ]]

 [[ 0.9712119   0.09985227  0.2162797 ]
  [ 0.0799925   0.7184897  -0.6909224 ]
  [-0.2243849   0.68833286  0.6898183 ]]

 [[ 0.9924099  -0.10271177 -0.06762314]
  [ 0.09925437  0.9936682  -0.05265052]
  [ 0.07260279  0.04553901  0.9963207 ]]

 [[ 0.97994536  0.1893897   0.06195729]
  [-0.18215784  0.97745514 -0.10677065]
  [-0.08078174  0.09334338  0.9923515 ]]

 [[ 0.9856842  -0.16842178 -0.0077937 ]
  [ 0.16596733  0.97738415 -0.13105391]
  [ 0.02968977  0.12788427  0.99134463]]

 [[ 0.9952594  -0.06310037 -0.0740075 ]
  [ 0.05814674  0.99603826 -0.06728099]
  [ 0.07795976  0.06265874  0.9949855 ]]

 [[ 0.9534606  -0.26669845  0.14065884]
  [ 0.2312538   0.94617337  0.2264457 ]
  [-0.19348036 -0.18337914  0.963814  ]]

 [[ 0.96380275  0.25617737 -0.073874  ]
  [-0.23559935  0.9480394   0.21380892]
  [ 0.12480846 -0.18866497  0.97407824]]

 [[ 0.9972405   0.04475226 -0.05923432]
  [-0.0546673   0.98249966 -0.17806156]
  [ 0.05022904  0.18080838  0.9822349 ]]

 [[ 0.92813236  0.0407266  -0.3700157 ]
  [-0.0268279   0.99873054  0.04263347]
  [ 0.37128228 -0.02964276  0.92804676]]

 [[ 0.9317054  -0.18102829  0.31488672]
  [ 0.18635674  0.9823912   0.01337309]
  [-0.3117628   0.04622148  0.94903505]]

 [[ 0.9950152  -0.01459556 -0.0986496 ]
  [ 0.01138177  0.9993885  -0.03306246]
  [ 0.09907183  0.03177484  0.9945729 ]]

 [[ 0.5296307   0.7585843  -0.37952748]
  [-0.6793265   0.6472786   0.34575424]
  [ 0.50794375  0.07470099  0.85814506]]

 [[ 0.5268022  -0.738946    0.4200456 ]
  [ 0.81613386  0.5778198  -0.00705513]
  [-0.23749731  0.34653014  0.9074756 ]]

 [[-0.07594023 -0.30708274 -0.94864815]
  [ 0.43501645  0.8458743  -0.3086378 ]
  [ 0.8972145  -0.43611556  0.06935016]]

 [[ 0.14443456  0.40979955  0.900668  ]
  [-0.17292349  0.90665895 -0.38479468]
  [-0.97428745 -0.10016903  0.20181686]]

 [[ 0.9217675  -0.38615406 -0.03506695]
  [ 0.38728458  0.92130136  0.03485041]
  [ 0.01884959 -0.04570487  0.99877715]]

 [[ 0.9530228   0.29923448  0.04697186]
  [-0.3015918   0.9518216   0.05547983]
  [-0.02810736 -0.06703987  0.9973544 ]]

 [[ 0.9694026   0.2265011  -0.09463491]
  [-0.21321997  0.96796376  0.1326026 ]
  [ 0.12163779 -0.10836726  0.98664117]]

 [[ 0.9699137  -0.22706886  0.08779103]
  [ 0.20592098  0.95755893  0.2016865 ]
  [-0.1298618  -0.17754047  0.9755078 ]]]
[ 0.27272835  0.48761868 -0.2066497  -0.29191044 -0.12633568 -0.02803889
  0.07756811  0.0729956   0.01346894  0.0116179 ]