[[[-0.80270284 -0.04958286 -0.5943145 ]
  [-0.1668583  -0.9380667   0.30362654]
  [-0.5725614   0.34288818  0.7447155 ]]]
[[[ 0.8458207  -0.5080289  -0.16276987]
  [ 0.31285205  0.22523831  0.92270875]
  [-0.43210065 -0.831369    0.34944913]]

 [[ 0.81986296  0.5540749  -0.14431168]
  [-0.4993472   0.8152627   0.29325628]
  [ 0.28013784 -0.1683683   0.94507945]]

 [[ 0.99465775  0.0571535   0.08596205]
  [ 0.01893783  0.7175767  -0.69622195]
  [-0.10147589  0.6941305   0.71266085]]

 [[ 0.93309397  0.35498378  0.05763811]
  [-0.10949141  0.43307245 -0.89468426]
  [-0.34255984  0.8285136   0.44296497]]

 [[ 0.9585032   0.11449542  0.2610794 ]
  [ 0.1288376   0.6429718  -0.7549756 ]
  [-0.25430796  0.75728333  0.6015392 ]]

 [[ 0.9913734   0.13104412 -0.00249395]
  [-0.13092016  0.98917395 -0.06629353]
  [-0.00622043  0.06604815  0.9977971 ]]

 [[ 0.9405354   0.299811    0.15970783]
  [-0.30151075  0.953359   -0.01406383]
  [-0.15647541 -0.03492609  0.9870642 ]]

 [[ 0.96661645 -0.11058929 -0.23113352]
  [ 0.16122295  0.963617    0.2131887 ]
  [ 0.1991478  -0.24333572  0.9492776 ]]

 [[ 0.99062973  0.12573613  0.05332096]
  [-0.12185444  0.990027   -0.07069557]
  [-0.06167818  0.06353574  0.9960717 ]]

 [[ 0.8888161  -0.45110926  0.08066189]
  [ 0.43607387  0.88668156  0.15373795]
  [-0.14087403 -0.10147022  0.9848138 ]]

 [[ 0.968789    0.2132922  -0.12631065]
  [-0.18169554  0.9576223   0.22348657]
  [ 0.16862583 -0.19356124  0.9664882 ]]

 [[ 0.9958222   0.03585589 -0.08397962]
  [-0.05476255  0.97044456 -0.23502855]
  [ 0.07307041  0.23864558  0.9683538 ]]

 [[ 0.97235453  0.22171746 -0.07326657]
  [-0.20817801  0.965226    0.1581159 ]
  [ 0.10577585 -0.13849223  0.9846986 ]]

 [[ 0.94467187  0.13421549  0.29930118]
  [-0.17019743  0.98057795  0.09746706]
  [-0.28040653 -0.1430147   0.94916755]]

 [[ 0.9900355   0.09018113  0.10815296]
  [-0.08941404  0.9959231  -0.01193142]
  [-0.10878801  0.00214214  0.99406266]]

 [[ 0.8055885   0.56102806 -0.19045939]
  [-0.4872047   0.81021094  0.32586792]
  [ 0.33713332 -0.16972274  0.9260321 ]]

 [[ 0.8000519  -0.2956112   0.52204484]
  [ 0.08848013  0.91880053  0.38467765]
  [-0.5933701  -0.26157153  0.7612439 ]]

 [[ 0.1856368  -0.3497762  -0.91825676]
  [ 0.6575131   0.7386745  -0.14844668]
  [ 0.7302161  -0.5762087   0.3671076 ]]

 [[ 0.28448397  0.24567874  0.92666644]
  [-0.49437085  0.8657658  -0.07776225]
  [-0.82138073 -0.43599477  0.3677529 ]]

 [[ 0.97928894 -0.20141146  0.02065465]
  [ 0.20220242  0.9781241  -0.04886146]
  [-0.01036155  0.0520259   0.99859196]]

 [[ 0.98037076  0.19710138  0.00491886]
  [-0.1952095   0.97385925 -0.11615212]
  [-0.02768403  0.11291193  0.9932192 ]]

 [[ 0.9791601   0.18772404 -0.07749332]
  [-0.17692244  0.9758159   0.12838154]
  [ 0.09971951 -0.11199577  0.9886926 ]]

 [[ 0.98854405 -0.14129947  0.05305718]
  [ 0.13204414  0.9799121   0.14945422]
  [-0.07310918 -0.14073619  0.987344  ]]]
[ 0.35157424  0.7269761  -0.13807023 -0.82328594 -0.2096963  -0.2789221
  0.13558216  0.15215063 -0.14706784  0.03561205]