[[[-0.50814915 -0.05213134 -0.8596899 ]
  [-0.18960561 -0.966907    0.17070585]
  [-0.8401393   0.24974607  0.4814486 ]]]
[[[ 0.97653127 -0.19730313 -0.08636023]
  [ 0.163621    0.41887745  0.8931796 ]
  [-0.14005278 -0.88634825  0.44132987]]

 [[ 0.99511045 -0.09635499  0.02169909]
  [ 0.03631052  0.5612107   0.82687616]
  [-0.0918514  -0.82204527  0.56196535]]

 [[ 0.9880263   0.09290271 -0.12317914]
  [-0.1540215   0.54723585 -0.8226849 ]
  [-0.0090216   0.8318065   0.55499244]]

 [[ 0.97023624  0.23955463 -0.03542997]
  [-0.13967499  0.43407932 -0.8899809 ]
  [-0.19781968  0.86844033  0.4546193 ]]

 [[ 0.9392084  -0.24754721  0.23792413]
  [ 0.12907484 -0.38756242 -0.9127622 ]
  [ 0.31816223  0.88798404 -0.33204976]]

 [[ 0.99624443  0.02460607 -0.08301546]
  [-0.01831338  0.9969603   0.07572889]
  [ 0.0846265  -0.0739242   0.99366677]]

 [[ 0.9678214   0.11897981  0.22173272]
  [-0.11454975  0.9928765  -0.03278063]
  [-0.22405344  0.00632637  0.97455627]]

 [[ 0.9790191  -0.00178198 -0.2037608 ]
  [ 0.04891621  0.9727768   0.22652261]
  [ 0.19781013 -0.23173715  0.9524542 ]]

 [[ 0.99366736  0.00313239 -0.11231838]
  [-0.00877547  0.99872154 -0.04978268]
  [ 0.11201885  0.05045307  0.9924245 ]]

 [[ 0.9633642  -0.26818204 -0.00279177]
  [ 0.26426005  0.9473958   0.18057598]
  [-0.04578233 -0.1746982   0.983557  ]]

 [[ 0.9954431   0.03708475  0.08785124]
  [-0.05789664  0.9670818   0.2477918 ]
  [-0.07577004 -0.2517489   0.964822  ]]

 [[ 0.9978957   0.01799588  0.06229272]
  [-0.0155448   0.9990942  -0.03961118]
  [-0.06294914  0.0385595   0.99727154]]

 [[ 0.82496023 -0.02243282 -0.5647455 ]
  [ 0.08052281  0.9936841   0.07815374]
  [ 0.55942535 -0.10994861  0.8215562 ]]

 [[ 0.83468044  0.15295921  0.5290673 ]
  [-0.2642521   0.95408225  0.1410603 ]
  [-0.48319718 -0.25754738  0.8367736 ]]

 [[ 0.99787587  0.05973415  0.02599192]
  [-0.0650967   0.9295518   0.36289915]
  [-0.00248337 -0.3638203   0.9314658 ]]

 [[ 0.852329    0.3714539  -0.3681811 ]
  [-0.19591539  0.87947434  0.43375352]
  [ 0.48492527 -0.29756835  0.82237506]]

 [[ 0.7884587  -0.47454593  0.3913298 ]
  [ 0.36285216  0.8725718   0.3270424 ]
  [-0.49666    -0.11586457  0.86017686]]

 [[ 0.79111606 -0.21672846 -0.5719826 ]
  [ 0.36666396  0.9165159   0.15986267]
  [ 0.48958442 -0.33619535  0.80453694]]

 [[ 0.5295695   0.29219794  0.7963519 ]
  [-0.3686707   0.9247791  -0.09415659]
  [-0.76396203 -0.2437292   0.5974596 ]]

 [[ 0.96676755 -0.25533244  0.01287636]
  [ 0.24964736  0.9319883  -0.26281935]
  [ 0.05510569  0.25729978  0.9647591 ]]

 [[ 0.98037785  0.18587458  0.06564979]
  [-0.1742965   0.97292304 -0.15179396]
  [-0.09208684  0.1373729   0.9862295 ]]

 [[ 0.9890487   0.1258629  -0.07707876]
  [-0.11025795  0.9772795   0.1810194 ]
  [ 0.09811111 -0.17053846  0.9804544 ]]

 [[ 0.986052   -0.12316816  0.11194234]
  [ 0.11361166  0.98961186  0.08809584]
  [-0.12163005 -0.07414913  0.98980206]]]
[ 0.39836133  0.6658735  -0.3814042  -0.5200391  -0.25067133 -0.11160576
  0.13166177  0.06369668 -0.09501597  0.14006917]