[[[ 0.7007272   0.18884203 -0.6879827 ]
  [ 0.14157747 -0.9819608  -0.12533498]
  [-0.6992405  -0.00957722 -0.7148224 ]]]
[[[ 9.7543198e-01 -1.0275618e-01 -1.9486831e-01]
  [ 2.2005586e-01  4.9617955e-01  8.3986986e-01]
  [ 1.0387853e-02 -8.6211777e-01  5.0660151e-01]]

 [[ 9.7078389e-01  2.0421670e-01  1.2599270e-01]
  [-2.2500397e-01  5.9227061e-01  7.7368522e-01]
  [ 8.3377674e-02 -7.7942997e-01  6.2091637e-01]]

 [[ 9.9590689e-01  8.2304738e-02 -3.7354652e-02]
  [-7.7862605e-02  5.7135284e-01 -8.1700253e-01]
  [-4.5900501e-02  8.1656700e-01  5.7542270e-01]]

 [[ 9.9775046e-01  7.6915463e-03 -6.6594206e-02]
  [-6.1900377e-02  4.8706385e-01 -8.7116992e-01]
  [ 2.5735023e-02  8.7333244e-01  4.8644429e-01]]

 [[ 9.8043841e-01 -1.8932493e-01  5.3820673e-02]
  [ 1.2903167e-01  4.1175354e-01 -9.0211409e-01]
  [ 1.4863184e-01  8.9141184e-01  4.2812788e-01]]

 [[ 9.9431974e-01 -1.0290351e-01 -2.7185803e-02]
  [ 1.0131156e-01  9.9335647e-01 -5.4579236e-02]
  [ 3.2621589e-02  5.1514976e-02  9.9813926e-01]]

 [[ 9.9288899e-01  1.0128520e-01  6.2552273e-02]
  [-9.8747142e-02  9.9420792e-01 -4.2422071e-02]
  [-6.6486694e-02  3.5943549e-02  9.9713969e-01]]

 [[ 9.8589617e-01 -1.3114159e-01 -1.0397373e-01]
  [ 1.2593284e-01  9.9050188e-01 -5.5199411e-02]
  [ 1.1022511e-01  4.1327186e-02  9.9304706e-01]]

 [[ 9.9566054e-01 -8.9354493e-02 -2.5996875e-02]
  [ 8.7599054e-02  9.9420923e-01 -6.2243756e-02]
  [ 3.1408098e-02  5.9696350e-02  9.9772227e-01]]

 [[ 9.6208155e-01 -2.2584304e-01  1.5295084e-01]
  [ 1.9541045e-01  9.6190894e-01  1.9117016e-01]
  [-1.9029921e-01 -1.5403309e-01  9.6956694e-01]]

 [[ 9.7543716e-01  2.1065128e-01 -6.4407811e-02]
  [-1.9458732e-01  9.6105397e-01  1.9624229e-01]
  [ 1.0323807e-01 -1.7888908e-01  9.7843784e-01]]

 [[ 9.9940974e-01  1.4230505e-03 -3.4324899e-02]
  [-5.4119257e-03  9.9318784e-01 -1.1639872e-01]
  [ 3.3925429e-02  1.1651578e-01  9.9260932e-01]]

 [[ 8.8432944e-01  1.4021398e-01 -4.4531059e-01]
  [-1.1478273e-01  9.8985565e-01  8.3729982e-02]
  [ 4.5253333e-01 -2.2930916e-02  8.9145261e-01]]

 [[ 8.9736152e-01 -3.4322512e-01  2.7737865e-01]
  [ 3.3426741e-01  9.3903071e-01  8.0540314e-02]
  [-2.8811049e-01  2.0444877e-02  9.5737898e-01]]

 [[ 9.8784232e-01 -6.2461831e-02 -1.4235875e-01]
  [ 6.3328043e-02  9.9799150e-01  1.5576889e-03]
  [ 1.4197555e-01 -1.0554055e-02  9.8981380e-01]]

 [[ 5.1760495e-01  6.8332899e-01 -5.1492381e-01]
  [-6.1299628e-01  7.1601623e-01  3.3400038e-01]
  [ 5.9692597e-01  1.4276612e-01  7.8949165e-01]]

 [[ 6.1409748e-01 -7.2459298e-01  3.1280875e-01]
  [ 7.4310809e-01  6.6436201e-01  8.0084823e-02]
  [-2.6584712e-01  1.8327080e-01  9.4643396e-01]]

 [[ 1.6499223e-02 -3.5436615e-01 -9.3496120e-01]
  [ 3.4099948e-01  8.8102108e-01 -3.2790431e-01]
  [ 9.3991864e-01 -3.1341115e-01  1.3537483e-01]]

 [[-2.3180473e-01  4.7218907e-01  8.5047287e-01]
  [-3.7383008e-01  7.6390803e-01 -5.2601868e-01]
  [-8.9806330e-01 -4.3986592e-01 -5.5902312e-04]]

 [[ 9.3402040e-01 -3.5721776e-01 -1.2131066e-03]
  [ 3.5679737e-01  9.3307549e-01 -4.5451142e-02]
  [ 1.7367875e-02  4.2019457e-02  9.9896592e-01]]

 [[ 9.2374170e-01  3.7922704e-01  5.3740431e-02]
  [-3.7888795e-01  9.2529076e-01 -1.6759258e-02]
  [-5.6081090e-02 -4.8803785e-03  9.9841422e-01]]

 [[ 9.6702796e-01  2.2983055e-01 -1.0970286e-01]
  [-2.1112299e-01  9.6438122e-01  1.5936126e-01]
  [ 1.4242145e-01 -1.3094601e-01  9.8110610e-01]]

 [[ 9.6356899e-01 -2.5061139e-01  9.3428828e-02]
  [ 2.3110339e-01  9.5597696e-01  1.8082947e-01]
  [-1.3463372e-01 -1.5264991e-01  9.7906691e-01]]]
[ 0.5316932   0.6306716  -0.1827065  -0.5258744  -0.16542596 -0.14787003
  0.00860068  0.1089606  -0.02652432 -0.03164166]