[[[-0.8716911  -0.05780058 -0.4866351 ]
  [-0.10121124 -0.95037663  0.29417786]
  [-0.47949022  0.30568516  0.8225848 ]]]
[[[ 0.7991297  -0.533197   -0.27765563]
  [ 0.41752693  0.15998514  0.8944697 ]
  [-0.4325078  -0.83072597  0.350473  ]]

 [[ 0.75532824  0.6294022  -0.18257067]
  [-0.56431055  0.766304    0.3071347 ]
  [ 0.33321592 -0.12896094  0.9339894 ]]

 [[ 0.99636286  0.02620199  0.08108323]
  [ 0.03574287  0.73528105 -0.67681926]
  [-0.07735296  0.67725575  0.7316702 ]]

 [[ 0.96388716  0.25928906  0.06075202]
  [-0.07403834  0.4800394  -0.8741171 ]
  [-0.25581238  0.83805215  0.48190114]]

 [[ 0.9270729   0.11252703  0.3575942 ]
  [ 0.01986928  0.9377968  -0.3466157 ]
  [-0.3743543   0.3284431   0.86717016]]

 [[ 0.99418265  0.10766326 -0.00306756]
  [-0.10768773  0.99306417 -0.04719009]
  [-0.00203435  0.0472459   0.99888116]]

 [[ 0.92944753  0.34957653  0.11799866]
  [-0.3503118   0.9365109  -0.0151348 ]
  [-0.1157978  -0.02726931  0.9928985 ]]

 [[ 0.9571418  -0.22496277 -0.18240462]
  [ 0.24023494  0.96845585  0.06618464]
  [ 0.16176175 -0.10716804  0.9809935 ]]

 [[ 0.9916441   0.11530977  0.05784083]
  [-0.11583793  0.99325085  0.00585202]
  [-0.05677566 -0.01250328  0.9983086 ]]

 [[ 0.8641206  -0.4871249   0.12651053]
  [ 0.4749587   0.8724426   0.11514398]
  [-0.16646267 -0.03941101  0.98525983]]

 [[ 0.9349139   0.31752238 -0.15847899]
  [-0.28574935  0.9383821   0.19438712]
  [ 0.2104361  -0.13644995  0.96803826]]

 [[ 0.99636394 -0.01923106 -0.08300077]
  [ 0.01512608  0.9986444  -0.04980554]
  [ 0.08384606  0.04836896  0.99530417]]

 [[ 0.9451581   0.29677305 -0.13638894]
  [-0.28709462  0.954005    0.08632026]
  [ 0.15573324 -0.04242976  0.9868875 ]]

 [[ 0.9348583   0.08771124  0.34401545]
  [-0.12505376  0.98825175  0.08786459]
  [-0.3322671  -0.12516138  0.934844  ]]

 [[ 0.98875517  0.03568157  0.14522403]
  [-0.05194822  0.99259436  0.10980785]
  [-0.14023045 -0.11611722  0.9832864 ]]

 [[ 0.68634444  0.7002999  -0.19624312]
  [-0.66480416  0.7135301   0.2211565 ]
  [ 0.29490125 -0.02132627  0.9552897 ]]

 [[ 0.73414856 -0.41694677  0.5358929 ]
  [ 0.21531968  0.8914778   0.39862847]
  [-0.64394355 -0.17726424  0.744254  ]]

 [[ 0.3684408  -0.3649283  -0.85503143]
  [ 0.55256975  0.82559776 -0.11425866]
  [ 0.74760824 -0.43036696  0.50583225]]

 [[ 0.41529292  0.22641349  0.88106114]
  [-0.4818555   0.87624854  0.00194849]
  [-0.7715873  -0.4253534   0.4729984 ]]

 [[ 0.9854591  -0.16617236  0.0354546 ]
  [ 0.16269045  0.9829909   0.08521017]
  [-0.04901112 -0.07820302  0.995732  ]]

 [[ 0.9741253   0.22384611 -0.03118827]
  [-0.22522604  0.9729379  -0.05162377]
  [ 0.01878848  0.05731244  0.9981794 ]]

 [[ 0.9794021   0.1784471  -0.09448932]
  [-0.16566683  0.9776796   0.12921706]
  [ 0.11543869 -0.1109017   0.98710424]]

 [[ 0.98686075 -0.15084411  0.0578947 ]
  [ 0.13768823  0.9726296   0.18717259]
  [-0.08454397 -0.17674188  0.98061943]]]
[ 0.3581635   0.618009   -0.14056838 -0.71542525 -0.13684064 -0.11966454
  0.12755783  0.08233288 -0.08327293 -0.01621544]