[[[ 0.19054751  0.1836654  -0.96434367]
  [ 0.06553005 -0.98253083 -0.17418098]
  [-0.9794884  -0.03000373 -0.19925441]]]
[[[ 9.41177547e-01 -3.37795377e-01 -8.89907032e-03]
  [ 2.80191064e-01  7.65416026e-01  5.79337001e-01]
  [-1.88885838e-01 -5.47752380e-01  8.15039635e-01]]

 [[ 9.81169164e-01  2.39031669e-03  1.93135485e-01]
  [-1.70316502e-01  4.82327253e-01  8.59274566e-01]
  [-9.11005810e-02 -8.75987887e-01  4.73651737e-01]]

 [[ 9.83760536e-01 -4.64922637e-02 -1.73359707e-01]
  [-1.06998980e-01  6.23564720e-01 -7.74414778e-01]
  [ 1.44105300e-01  7.80388057e-01  6.08463764e-01]]

 [[ 9.94497418e-01  2.78755110e-02 -1.00984342e-01]
  [-9.75255072e-02  5.98370969e-01 -7.95261621e-01]
  [ 3.82577628e-02  8.00734162e-01  5.97796977e-01]]

 [[ 9.76990223e-01 -1.67677641e-01  1.31811872e-01]
  [ 1.67906225e-01  2.23571882e-01 -9.60116148e-01]
  [ 1.31520584e-01  9.60156083e-01  2.46581659e-01]]

 [[ 9.82816398e-01 -1.38099834e-01 -1.22475646e-01]
  [ 1.40534222e-01  9.90009904e-01  1.14238225e-02]
  [ 1.19674474e-01 -2.84395404e-02  9.92405713e-01]]

 [[ 9.63859320e-01  1.33378118e-01  2.30619729e-01]
  [-1.28492683e-01  9.91051555e-01 -3.61448824e-02]
  [-2.33376980e-01  5.20563358e-03  9.72372413e-01]]

 [[ 9.77374732e-01 -1.36313722e-01 -1.61731496e-01]
  [ 1.33916706e-01  9.90659714e-01 -2.56828330e-02]
  [ 1.63721800e-01  3.44320922e-03  9.86500442e-01]]

 [[ 9.81200874e-01 -8.92688483e-02 -1.71102032e-01]
  [ 8.52374509e-02  9.95885134e-01 -3.07795703e-02]
  [ 1.73145622e-01  1.56166395e-02  9.84772384e-01]]

 [[ 9.77024555e-01 -2.09688887e-01  3.81262265e-02]
  [ 1.98925719e-01  9.61420536e-01  1.89997718e-01]
  [-7.64957517e-02 -1.78048149e-01  9.81043994e-01]]

 [[ 9.82604861e-01  1.83080345e-01  3.11319474e-02]
  [-1.85708299e-01  9.68876898e-01  1.63676113e-01]
  [-1.97144720e-04 -1.66610420e-01  9.86022711e-01]]

 [[ 9.91713285e-01  2.82622054e-02  1.25323266e-01]
  [-5.62075200e-03  9.84113097e-01 -1.77453294e-01]
  [-1.28347501e-01  1.75278381e-01  9.76116896e-01]]

 [[ 8.29691529e-01 -7.43433507e-03 -5.58172524e-01]
  [ 3.28980871e-02  9.98824537e-01  3.55977230e-02]
  [ 5.57251811e-01 -4.78979498e-02  8.28960836e-01]]

 [[ 9.43486094e-01 -9.81445834e-02  3.16546530e-01]
  [ 6.70338646e-02  9.91916239e-01  1.07743070e-01]
  [-3.24562073e-01 -8.04347396e-02  9.42438185e-01]]

 [[ 9.98221159e-01  2.06924956e-02 -5.59143014e-02]
  [-1.60594210e-02  9.96496737e-01  8.20747465e-02]
  [ 5.74167557e-02 -8.10307860e-02  9.95056450e-01]]

 [[ 8.14602792e-01  4.04668361e-01 -4.15530682e-01]
  [-2.12833434e-01  8.74979794e-01  4.34870273e-01]
  [ 5.39559245e-01 -2.65807748e-01  7.98887908e-01]]

 [[ 7.45327175e-01 -6.39411271e-01  1.88787445e-01]
  [ 6.34140253e-01  7.67322063e-01  9.53051373e-02]
  [-2.05799937e-01  4.86842096e-02  9.77382421e-01]]

 [[ 8.74398291e-01 -1.47582799e-01 -4.62219596e-01]
  [ 2.70218998e-01  9.39334989e-01  2.11261809e-01]
  [ 4.03000414e-01 -3.09627473e-01  8.61232579e-01]]

 [[ 5.05328238e-01  3.47945362e-01  7.89669216e-01]
  [-4.14588213e-01  9.00463879e-01 -1.31458983e-01]
  [-7.56809115e-01 -2.60957599e-01  5.99283874e-01]]

 [[ 9.78737116e-01 -2.04428643e-01  1.68054011e-02]
  [ 2.03059837e-01  9.54080164e-01 -2.20221892e-01]
  [ 2.89859641e-02  2.18951881e-01  9.75304902e-01]]

 [[ 9.87816095e-01  1.52371377e-01  3.16594467e-02]
  [-1.52984485e-01  9.88065958e-01  1.79265644e-02]
  [-2.85501294e-02 -2.25515533e-02  9.99337912e-01]]

 [[ 9.87830281e-01  1.39801413e-01 -6.81679323e-02]
  [-1.25804171e-01  9.75891471e-01  1.78351000e-01]
  [ 9.14582312e-02 -1.67604715e-01  9.81602728e-01]]

 [[ 9.78155792e-01 -1.71464771e-01  1.17520824e-01]
  [ 1.56357661e-01  9.79424715e-01  1.27591535e-01]
  [-1.36980236e-01 -1.06429115e-01  9.84839797e-01]]]
[ 0.5065057   0.62733734 -0.5645262  -0.70710695 -0.27917695  0.03954754
  0.04007334  0.06858683  0.04284979  0.04711413]