[[[ 0.14563869  0.17506908 -0.9737249 ]
  [ 0.07346802 -0.9834151  -0.16582279]
  [-0.9866062  -0.04738742 -0.15608527]]]
[[[ 0.9433322  -0.33150673  0.0150874 ]
  [ 0.26659462  0.78412473  0.5604245 ]
  [-0.1976149  -0.52464426  0.828068  ]]

 [[ 0.978859   -0.01684768  0.20384121]
  [-0.17520782  0.4451436   0.8781511 ]
  [-0.10553343 -0.8953006   0.43278098]]

 [[ 0.98408717 -0.05411487 -0.16924562]
  [-0.10362136  0.59898067 -0.7940307 ]
  [ 0.14434372  0.7989329   0.58384174]]

 [[ 0.9945155   0.0296576  -0.10029597]
  [-0.09711259  0.6178998  -0.78023654]
  [ 0.03883294  0.7856974   0.617391  ]]

 [[ 0.9732147  -0.18466924  0.13693267]
  [ 0.16511515  0.14700869 -0.9752566 ]
  [ 0.15996958  0.97174364  0.1735627 ]]

 [[ 0.9846811  -0.13654324 -0.10843875]
  [ 0.13992801  0.9898658   0.02420717]
  [ 0.10403448 -0.03900997  0.9938084 ]]

 [[ 0.9635873   0.11915085  0.23937972]
  [-0.11750817  0.99284613 -0.02117589]
  [-0.24019036 -0.00772425  0.9706951 ]]

 [[ 0.9792796  -0.11814634 -0.16447745]
  [ 0.11924219  0.9928599  -0.0032305 ]
  [ 0.16368476 -0.01644908  0.98637545]]

 [[ 0.9820857  -0.0915922  -0.16467704]
  [ 0.08945141  0.99578255 -0.0203851 ]
  [ 0.16584964  0.00528932  0.98613685]]

 [[ 0.9793431  -0.19693993  0.04584479]
  [ 0.18668601  0.9677396   0.16919942]
  [-0.07768795 -0.15714571  0.984515  ]]

 [[ 0.9873634   0.15547334  0.03068769]
  [-0.1583991   0.9741348   0.16115595]
  [-0.00483849 -0.16398036  0.98645186]]

 [[ 0.9854122   0.03251617  0.1670493 ]
  [-0.0106795   0.9914578  -0.12998974]
  [-0.16984911  0.12630948  0.9773419 ]]

 [[ 0.8210617   0.02044231 -0.57047343]
  [ 0.0137828   0.9983573   0.05561214]
  [ 0.57067317 -0.05352371  0.8194312 ]]

 [[ 0.9316818  -0.10988463  0.3462577 ]
  [ 0.07292955  0.99032634  0.11804648]
  [-0.3558796  -0.08472934  0.9306829 ]]

 [[ 0.9988458   0.04485113 -0.017187  ]
  [-0.04180966  0.9880249   0.14852187]
  [ 0.02364256 -0.14763187  0.98875976]]

 [[ 0.8196008   0.40538588 -0.40486643]
  [-0.19936231  0.8642841   0.4618092 ]
  [ 0.5371305  -0.29778406  0.7891866 ]]

 [[ 0.740356   -0.6395071   0.20713176]
  [ 0.62830013  0.767865    0.1249894 ]
  [-0.23898081  0.03760425  0.97029585]]

 [[ 0.9019931  -0.17081207 -0.3965245 ]
  [ 0.28829885  0.9219433   0.25865877]
  [ 0.32139105 -0.34762597  0.8808314 ]]

 [[ 0.5483105   0.35288557  0.7581737 ]
  [-0.43024042  0.89645755 -0.10609913]
  [-0.7171114  -0.26802173  0.64336276]]

 [[ 0.98053    -0.19370046  0.03226311]
  [ 0.19583252  0.95242655 -0.2335234 ]
  [ 0.01450535  0.2352949   0.9718157 ]]

 [[ 0.9903283   0.13805753  0.01378555]
  [-0.13821343  0.9903406   0.01107532]
  [-0.01212336 -0.01287355  0.9998437 ]]

 [[ 0.98783565  0.13948914 -0.06872822]
  [-0.12552255  0.97616386  0.17705429]
  [ 0.09178715 -0.16627358  0.98179847]]

 [[ 0.9781924  -0.16738369  0.12297298]
  [ 0.1520908   0.9804634   0.12473897]
  [-0.1414498  -0.10331565  0.98453933]]]
[ 0.54950976  0.6196099  -0.63258874 -0.69008076 -0.26723146  0.05501399
  0.02369097  0.04186469  0.07604133  0.02068633]