[[[ 0.2706005   0.20674299 -0.9402301 ]
  [ 0.04883903 -0.97835845 -0.20107086]
  [-0.96145207  0.00848995 -0.2748414 ]]]
[[[ 0.93469816 -0.35230824 -0.047098  ]
  [ 0.3019003   0.7169623   0.62834805]
  [-0.1876047  -0.60153466  0.7765053 ]]

 [[ 0.97773296  0.05400524  0.2027847 ]
  [-0.19586661  0.58171934  0.7894547 ]
  [-0.0753291  -0.8115947   0.579344  ]]

 [[ 0.98380214 -0.03289807 -0.17621332]
  [-0.1131632   0.6483976  -0.7528444 ]
  [ 0.13902341  0.76059073  0.63417214]]

 [[ 0.99539393  0.0485129  -0.08268827]
  [-0.09578904  0.53848624 -0.83717203]
  [ 0.00391287  0.84123665  0.54065293]]

 [[ 0.9836254  -0.10166907  0.14881022]
  [ 0.17655909  0.37790668 -0.9088528 ]
  [ 0.03616583  0.9202445   0.3896692 ]]

 [[ 0.9757121  -0.15229681 -0.15745322]
  [ 0.15484384  0.98793095  0.0039648 ]
  [ 0.1549491  -0.02824917  0.9875184 ]]

 [[ 0.9629995   0.1669056   0.21159995]
  [-0.16128244  0.9859409  -0.04368707]
  [-0.21591666  0.00794327  0.9763795 ]]

 [[ 0.9803681  -0.14300463 -0.13574998]
  [ 0.14080288  0.9897032  -0.02573471]
  [ 0.13803235  0.0061155   0.99040884]]

 [[ 0.9773507  -0.09079376 -0.19116028]
  [ 0.08832599  0.9958615  -0.02140902]
  [ 0.19231297  0.0040397   0.9813254 ]]

 [[ 0.9681449  -0.24699318  0.04110742]
  [ 0.23448712  0.95192826  0.19710013]
  [-0.0878137  -0.18118232  0.9795212 ]]

 [[ 0.98037994  0.19688146  0.00964004]
  [-0.19556758  0.9653879   0.17256737]
  [ 0.02466894 -0.17106685  0.98495054]]

 [[ 0.9882998   0.06155566  0.13955116]
  [-0.03640201  0.9836976  -0.17610788]
  [-0.14811657  0.16896743  0.9744289 ]]

 [[ 0.82877356 -0.00985333 -0.55949754]
  [ 0.03012502  0.99918073  0.02702702]
  [ 0.55877274 -0.03925414  0.82839143]]

 [[ 0.943238   -0.10880375  0.31378922]
  [ 0.07519132  0.99024165  0.11733577]
  [-0.32349372 -0.08708135  0.94221467]]

 [[ 0.9976547   0.051548   -0.04503281]
  [-0.04930395  0.9975517   0.04959655]
  [ 0.04747916 -0.04725993  0.9977536 ]]

 [[ 0.80280966  0.4276442  -0.41547218]
  [-0.21825734  0.85923964  0.46267793]
  [ 0.5548518  -0.28076243  0.7831424 ]]

 [[ 0.72906464 -0.646206    0.22557144]
  [ 0.6394242   0.76061016  0.11228915]
  [-0.24413384  0.06236979  0.96773374]]

 [[ 0.8070614  -0.18416665 -0.5610121 ]
  [ 0.36267513  0.90438324  0.22485049]
  [ 0.46595997 -0.38493326  0.79668546]]

 [[ 0.384801    0.37049294  0.8453775 ]
  [-0.4908042   0.85781324 -0.1525375 ]
  [-0.78169006 -0.35621825  0.5119269 ]]

 [[ 0.97924685 -0.20242919  0.00989489]
  [ 0.20093705  0.9633393  -0.17776832]
  [ 0.02645336  0.17606735  0.98402256]]

 [[ 0.9857989   0.16320597  0.03955226]
  [-0.16503647  0.9850924   0.0485383 ]
  [-0.03104089 -0.05437656  0.99803793]]

 [[ 0.98698884  0.14417775 -0.07117455]
  [-0.13169084  0.97883624  0.15664329]
  [ 0.09225272 -0.14523213  0.98508734]]

 [[ 0.976163   -0.18622403  0.11147407]
  [ 0.17241134  0.97732776  0.1229016 ]
  [-0.13183393 -0.10075258  0.98613834]]]
[ 0.45297688  0.6610068  -0.5526725  -0.70049906 -0.29573095  0.02475933
  0.05386353  0.07891843  0.04027595  0.04039896]