[[[-0.6231438  -0.08650441 -0.77730864]
  [-0.2410812  -0.92422503  0.29612145]
  [-0.7440239   0.37192073  0.5550705 ]]]
[[[ 9.58687842e-01 -2.69614965e-01 -9.06944796e-02]
  [ 1.79095343e-01  3.24380666e-01  9.28817570e-01]
  [-2.21003592e-01 -9.06688988e-01  3.59266579e-01]]

 [[ 9.95796323e-01  8.17160755e-02 -4.13784944e-02]
  [-3.24175023e-02  7.36934781e-01  6.75186157e-01]
  [ 8.56668055e-02 -6.71006501e-01  7.36485958e-01]]

 [[ 9.88217473e-01  1.40366405e-01 -6.10210598e-02]
  [-1.33790076e-01  5.98558903e-01 -7.89827466e-01]
  [-7.43405595e-02  7.88685262e-01  6.10285997e-01]]

 [[ 9.58186090e-01  2.85414726e-01  2.04433519e-02]
  [-1.21875703e-01  4.71708715e-01 -8.73291075e-01]
  [-2.58893400e-01  8.34283769e-01  4.86769855e-01]]

 [[ 9.56419408e-01 -2.20303640e-01  1.91645980e-01]
  [ 1.48660570e-01 -1.97524995e-01 -9.68960166e-01]
  [ 2.51320332e-01  9.55222547e-01 -1.56166270e-01]]

 [[ 9.96510625e-01  7.75899366e-02 -3.07638273e-02]
  [-7.63096213e-02  9.96248603e-01  4.08117101e-02]
  [ 3.38149965e-02 -3.83217260e-02  9.98693168e-01]]

 [[ 9.62765336e-01  1.72409669e-01  2.08225280e-01]
  [-1.65773720e-01  9.84943509e-01 -4.90457453e-02]
  [-2.13546067e-01  1.27012655e-02  9.76850450e-01]]

 [[ 9.79643464e-01 -7.79648963e-03 -2.00593740e-01]
  [ 5.38382828e-02  9.72842515e-01  2.25119472e-01]
  [ 1.93390995e-01 -2.31336460e-01  9.53458548e-01]]

 [[ 9.98116493e-01  4.80259769e-02 -3.81705090e-02]
  [-5.10044284e-02  9.95381773e-01 -8.13240856e-02]
  [ 3.40885632e-02  8.31177756e-02  9.95956481e-01]]

 [[ 9.43307936e-01 -3.31450999e-01 -1.76167097e-02]
  [ 3.29639882e-01  9.29302037e-01  1.66539609e-01]
  [-3.88284773e-02 -1.62905321e-01  9.85877454e-01]]

 [[ 9.97827470e-01  6.35907054e-02 -1.72226951e-02]
  [-5.76315746e-02  9.69184995e-01  2.39497364e-01]
  [ 3.19217853e-02 -2.37984464e-01  9.70744252e-01]]

 [[ 9.99281466e-01  2.30442528e-02 -3.00905369e-02]
  [-2.68369243e-02  9.90829766e-01 -1.32424071e-01]
  [ 2.67629866e-02  1.33136466e-01  9.90736246e-01]]

 [[ 8.94231796e-01 -2.21224967e-02 -4.47057217e-01]
  [ 9.47928652e-02  9.85483289e-01  1.40844271e-01]
  [ 4.37451541e-01 -1.68325245e-01  8.83347571e-01]]

 [[ 8.86767387e-01  2.08616659e-01  4.12459224e-01]
  [-2.77811974e-01  9.53740120e-01  1.14892639e-01]
  [-3.69410396e-01 -2.16469169e-01  9.03701842e-01]]

 [[ 9.99186814e-01  3.63644138e-02  1.74196884e-02]
  [-3.98408808e-02  9.56889153e-01  2.87708163e-01]
  [-6.20637555e-03 -2.88168192e-01  9.57559824e-01]]

 [[ 8.07227910e-01  4.19616640e-01 -4.15096432e-01]
  [-2.11788446e-01  8.62352967e-01  4.59883779e-01]
  [ 5.50934494e-01 -2.83318371e-01  7.84985363e-01]]

 [[ 8.76787543e-01 -3.79745930e-01  2.95019746e-01]
  [ 2.64117539e-01  8.92972171e-01  3.64475906e-01]
  [-4.01852667e-01 -2.41648033e-01  8.83244455e-01]]

 [[ 3.94556552e-01 -2.99921215e-01 -8.68546069e-01]
  [ 5.98430157e-01  8.01160574e-01 -4.80169803e-03]
  [ 6.97284997e-01 -5.17869651e-01  4.95585054e-01]]

 [[ 3.52309376e-01  3.28792959e-01  8.76226783e-01]
  [-4.72887993e-01  8.70485067e-01 -1.36501789e-01]
  [-8.07623148e-01 -3.66266221e-01  4.62162286e-01]]

 [[ 9.49588120e-01 -3.13499808e-01  5.37606131e-04]
  [ 3.06737542e-01  9.28748250e-01 -2.08179712e-01]
  [ 6.47649989e-02  1.97849885e-01  9.78090465e-01]]

 [[ 9.73800302e-01  2.17216074e-01  6.73064217e-02]
  [-2.07363054e-01  9.69684899e-01 -1.29273698e-01]
  [-9.33463499e-02  1.11929901e-01  9.89322007e-01]]

 [[ 9.82608616e-01  1.62120521e-01 -9.05382633e-02]
  [-1.47936225e-01  9.78163660e-01  1.45982102e-01]
  [ 1.12227924e-01 -1.30049393e-01  9.85135555e-01]]

 [[ 9.87843752e-01 -1.25276387e-01  9.20354873e-02]
  [ 1.15007274e-01  9.87311423e-01  1.09496839e-01]
  [-1.04585052e-01 -9.75810215e-02  9.89717126e-01]]]
[ 0.38290733  0.7195413  -0.20650785 -0.51835084 -0.22258037 -0.19956186
  0.15320769  0.09668647 -0.09950086  0.1300327 ]