[[[ 0.4012741   0.19518739 -0.8949196 ]
  [ 0.02615487 -0.9790745  -0.20181449]
  [-0.91558456  0.05757641 -0.39798236]]]
[[[ 0.9652139  -0.23016375 -0.12404343]
  [ 0.24299201  0.6145098   0.75055486]
  [-0.09652462 -0.7545876   0.6490614 ]]

 [[ 0.95946014  0.1708885   0.22412819]
  [-0.273839    0.7534031   0.5978261 ]
  [-0.06669725 -0.6349653   0.7696562 ]]

 [[ 0.99701124 -0.03794661 -0.06729385]
  [-0.01791704  0.73373216 -0.6792025 ]
  [ 0.0751491   0.67837834  0.73085934]]

 [[ 0.99264956  0.11670125 -0.03205653]
  [-0.09016941  0.53648746 -0.8390773 ]
  [-0.08072341  0.8358003   0.5430669 ]]

 [[ 0.96466166  0.10994133  0.23945929]
  [ 0.066113    0.77872807 -0.6238683 ]
  [-0.25506258  0.61765325  0.74394053]]

 [[ 0.9876825  -0.13225174 -0.08362276]
  [ 0.12736017  0.989956   -0.06137093]
  [ 0.09089927  0.04996478  0.99460584]]

 [[ 0.97769415  0.19488099  0.07832969]
  [-0.18564439  0.97624844 -0.11169218]
  [-0.09823591  0.09465932  0.99065095]]

 [[ 0.9874322  -0.15749767  0.01311846]
  [ 0.15765135  0.9757452  -0.15187925]
  [ 0.01112035  0.15203862  0.98831195]]

 [[ 0.9931797  -0.0761119  -0.08832295]
  [ 0.06886084  0.9942151  -0.08242934]
  [ 0.09408586  0.07578517  0.99267536]]

 [[ 0.957019   -0.26363707  0.1208723 ]
  [ 0.23576336  0.9499046   0.2051753 ]
  [-0.16890897 -0.1678594   0.9712327 ]]

 [[ 0.9672045   0.23242712 -0.10243538]
  [-0.20674142  0.9546806   0.21410972]
  [ 0.14755797 -0.18591027  0.97142375]]

 [[ 0.99737823  0.05362099 -0.04859558]
  [-0.06267966  0.975732   -0.20980534]
  [ 0.03616629  0.21230121  0.97653484]]

 [[ 0.9115978   0.05146993 -0.40784818]
  [-0.03373218  0.9981507   0.05056923]
  [ 0.4096968  -0.0323412   0.91164815]]

 [[ 0.91796416 -0.23886031  0.3166819 ]
  [ 0.23899584  0.9702357   0.03903351]
  [-0.31657967  0.03985429  0.9477282 ]]

 [[ 0.9941173   0.0086315  -0.1079642 ]
  [-0.02162004  0.9925723  -0.11971996]
  [ 0.10612891  0.12134987  0.98691994]]

 [[ 0.5454617   0.72624075 -0.4183849 ]
  [-0.6081009   0.6864485   0.39875028]
  [ 0.57678837  0.03691723  0.81605905]]

 [[ 0.520548   -0.73961926  0.42660666]
  [ 0.8076023   0.5886782   0.03516579]
  [-0.2771433   0.32622302  0.9037534 ]]

 [[ 0.04381785 -0.2649052  -0.9632784 ]
  [ 0.5005749   0.8402585  -0.20830399]
  [ 0.8645836  -0.47306553  0.16942322]]

 [[ 0.29208946  0.3576089   0.8870173 ]
  [-0.26186013  0.921925   -0.28545332]
  [-0.91984403 -0.14889656  0.3629281 ]]

 [[ 0.9310853  -0.36341283 -0.03180333]
  [ 0.36448455  0.93036854  0.03956458]
  [ 0.01521055 -0.04842982  0.9987108 ]]

 [[ 0.96138304  0.27417696  0.02386791]
  [-0.27520776  0.95716035  0.0900267 ]
  [ 0.00183783 -0.09311877  0.9956534 ]]

 [[ 0.97174954  0.21223816 -0.10323667]
  [-0.2008152   0.9733432   0.11079864]
  [ 0.1240004  -0.08693703  0.98846644]]

 [[ 0.9723604  -0.21779318  0.08415155]
  [ 0.19775277  0.95981836  0.19910438]
  [-0.12413378 -0.17696     0.97635853]]]
[ 0.30107695  0.5983549  -0.19273983 -0.17920145 -0.15428072 -0.08876353
  0.06993034  0.14186272  0.02527501  0.02106318]