[[[-0.82109815 -0.05731623 -0.5679019 ]
  [-0.17034811 -0.9249957   0.33965334]
  [-0.5447745   0.37562978  0.7497486 ]]]
[[[ 8.24411035e-01 -5.31258702e-01 -1.95219398e-01]
  [ 3.46624196e-01  2.01235011e-01  9.16163743e-01]
  [-4.47434992e-01 -8.22963297e-01  3.50047469e-01]]

 [[ 7.60458171e-01  6.31272197e-01 -1.52311444e-01]
  [-5.69522202e-01  7.61020064e-01  3.10633123e-01]
  [ 3.12006116e-01 -1.49478748e-01  9.38247442e-01]]

 [[ 9.95438755e-01 -1.54610258e-02  9.41411331e-02]
  [ 7.47577325e-02  7.39459395e-01 -6.69037402e-01]
  [-5.92695400e-02  6.73023582e-01  7.37242401e-01]]

 [[ 9.36004400e-01  3.45305294e-01  6.82643950e-02]
  [-1.06784061e-01  4.63367283e-01 -8.79709005e-01]
  [-3.35399628e-01  8.16121936e-01  4.70586926e-01]]

 [[ 9.36991930e-01  1.22557223e-01  3.27147931e-01]
  [ 6.19218312e-02  8.63354266e-01 -5.00784278e-01]
  [-3.43819350e-01  4.89488482e-01  8.01366985e-01]]

 [[ 9.91338313e-01  1.31290957e-01  3.34015116e-03]
  [-1.30939990e-01  9.90015745e-01 -5.21882549e-02]
  [-1.01586487e-02  5.12988493e-02  9.98631775e-01]]

 [[ 9.35270965e-01  3.32548857e-01  1.21159069e-01]
  [-3.35037380e-01  9.42204773e-01  1.77975002e-04]
  [-1.14097483e-01 -4.07592691e-02  9.92633045e-01]]

 [[ 9.52802360e-01 -2.08120644e-01 -2.21028432e-01]
  [ 2.42893487e-01  9.59344745e-01  1.43737376e-01]
  [ 1.82127744e-01 -1.90639660e-01  9.64617074e-01]]

 [[ 9.88509953e-01  1.35585219e-01  6.68192133e-02]
  [-1.34756640e-01  9.90736663e-01 -1.67767517e-02]
  [-6.84749261e-02  7.57965539e-03  9.97624040e-01]]

 [[ 8.71073842e-01 -4.80481863e-01  1.01820827e-01]
  [ 4.61715162e-01  8.71768355e-01  1.63826004e-01]
  [-1.67479604e-01 -9.56923291e-02  9.81220365e-01]]

 [[ 9.37011600e-01  3.22065085e-01 -1.35216191e-01]
  [-2.89524794e-01  9.32673693e-01  2.15163216e-01]
  [ 1.95409134e-01 -1.62461981e-01  9.67171907e-01]]

 [[ 9.95066226e-01  1.99856758e-02 -9.71791744e-02]
  [-3.24498788e-02  9.91188228e-01 -1.28424764e-01]
  [ 9.37561989e-02  1.30944595e-01  9.86946464e-01]]

 [[ 9.57361937e-01  2.81058788e-01 -6.68148473e-02]
  [-2.73676932e-01  9.56418753e-01  1.01804428e-01]
  [ 9.25159976e-02 -7.91779906e-02  9.92558241e-01]]

 [[ 9.38004553e-01  1.67848513e-01  3.03272843e-01]
  [-2.00745627e-01  9.76327121e-01  8.05387199e-02]
  [-2.82575220e-01 -1.36426359e-01  9.49494123e-01]]

 [[ 9.83253539e-01  8.63824561e-02  1.60469979e-01]
  [-9.08987075e-02  9.95638549e-01  2.10056007e-02]
  [-1.57955587e-01 -3.52403410e-02  9.86817181e-01]]

 [[ 7.43757844e-01  6.46801949e-01 -1.68734923e-01]
  [-6.03143513e-01  7.58184135e-01  2.47739151e-01]
  [ 2.88170308e-01 -8.24865624e-02  9.54019785e-01]]

 [[ 8.10399830e-01 -2.37126723e-01  5.35745263e-01]
  [ 2.78432369e-02  9.28987324e-01  3.69062662e-01]
  [-5.85215211e-01 -2.84171462e-01  7.59453535e-01]]

 [[ 2.23353401e-01 -3.61637533e-01 -9.05169427e-01]
  [ 6.01194799e-01  7.82069683e-01 -1.64109439e-01]
  [ 7.67253637e-01 -5.07528722e-01  3.92092526e-01]]

 [[ 3.43832850e-01  2.11320952e-01  9.14943933e-01]
  [-5.10219157e-01  8.60016823e-01 -6.89597335e-03]
  [-7.88324356e-01 -4.64450896e-01  4.03522044e-01]]

 [[ 9.85472620e-01 -1.69455484e-01 -1.13398256e-02]
  [ 1.69824198e-01  9.83949125e-01  5.48072755e-02]
  [ 1.87041762e-03 -5.59368432e-02  9.98432577e-01]]

 [[ 9.74305511e-01  2.24817246e-01  1.36359287e-02]
  [-2.22310901e-01  9.69628572e-01 -1.01971544e-01]
  [-3.61467488e-02  9.63200256e-02  9.94693816e-01]]

 [[ 9.80210543e-01  1.79519042e-01 -8.34277570e-02]
  [-1.68343663e-01  9.77664888e-01  1.25824213e-01]
  [ 1.04152232e-01 -1.09289691e-01  9.88538325e-01]]

 [[ 9.88001049e-01 -1.46914631e-01  4.76435199e-02]
  [ 1.37060001e-01  9.76211607e-01  1.68004379e-01]
  [-7.11924583e-02 -1.59458503e-01  9.84634221e-01]]]
[ 0.3976345   0.81932825 -0.17792833 -0.93592024 -0.19739628 -0.2270396
  0.16882156  0.18728593 -0.15776312  0.02791858]