[[[-0.5969758  -0.08883913 -0.79732525]
  [-0.25417712 -0.9217057   0.29300606]
  [-0.76092964  0.37757936  0.5276551 ]]]
[[[ 9.65352237e-01 -2.47533426e-01 -8.25974867e-02]
  [ 1.60002396e-01  3.11430514e-01  9.36701834e-01]
  [-2.06141606e-01 -9.17462945e-01  3.40246081e-01]]

 [[ 9.97981668e-01  4.82152551e-02 -4.13261056e-02]
  [-3.69262788e-03  6.93740547e-01  7.20215440e-01]
  [ 6.33949712e-02 -7.18609273e-01  6.92518413e-01]]

 [[ 9.84968960e-01  1.58237278e-01 -6.92612752e-02]
  [-1.53068081e-01  6.13797665e-01 -7.74482071e-01]
  [-8.00395459e-02  7.73442507e-01  6.28792703e-01]]

 [[ 9.60355401e-01  2.78358668e-01  1.52933123e-02]
  [-1.19701795e-01  4.61280018e-01 -8.79142880e-01]
  [-2.51771510e-01  8.42459023e-01  4.76312786e-01]]

 [[ 9.47841942e-01 -2.46258199e-01  2.02367455e-01]
  [ 1.40658051e-01 -2.46574074e-01 -9.58862126e-01]
  [ 2.86026210e-01  9.37314332e-01 -1.99075043e-01]]

 [[ 9.97427642e-01  6.02122657e-02 -3.88911068e-02]
  [-5.82485460e-02  9.97059524e-01  4.97927703e-02]
  [ 4.17748876e-02 -4.73993383e-02  9.98001993e-01]]

 [[ 9.67633605e-01  1.57883167e-01  1.96870416e-01]
  [-1.50805488e-01  9.87270892e-01 -5.05353585e-02]
  [-2.02343121e-01  1.92105640e-02  9.79126155e-01]]

 [[ 9.80817258e-01 -3.53017002e-02 -1.91706479e-01]
  [ 7.58019090e-02  9.75132585e-01  2.08255783e-01]
  [ 1.79587469e-01 -2.18792573e-01  9.59102809e-01]]

 [[ 9.98235404e-01  3.44664194e-02 -4.83549125e-02]
  [-3.90214324e-02  9.94552433e-01 -9.66585949e-02]
  [ 4.47600149e-02  9.83749032e-02  9.94142354e-01]]

 [[ 9.43093002e-01 -3.32214534e-01 -1.44600403e-02]
  [ 3.28807294e-01  9.25167739e-01  1.89605713e-01]
  [-4.96118106e-02 -1.83570400e-01  9.81753767e-01]]

 [[ 9.94602203e-01  1.03607938e-01 -5.63516002e-03]
  [-9.88735184e-02  9.62825596e-01  2.51377940e-01]
  [ 3.14704292e-02 -2.49463916e-01  9.67872560e-01]]

 [[ 9.99224484e-01  3.81412059e-02 -9.77859646e-03]
  [-3.86702046e-02  9.97370899e-01 -6.12857006e-02]
  [ 7.41537707e-03  6.16163164e-02  9.98072326e-01]]

 [[ 8.76367211e-01 -3.58426534e-02 -4.80308175e-01]
  [ 1.03559293e-01  9.87925828e-01  1.15230352e-01]
  [ 4.70378697e-01 -1.50724456e-01  8.69497657e-01]]

 [[ 8.87490153e-01  1.97362587e-01  4.16424274e-01]
  [-2.65879661e-01  9.57371652e-01  1.12904720e-01]
  [-3.76389623e-01 -2.10920602e-01  9.02132630e-01]]

 [[ 9.99402344e-01  3.45541984e-02 -9.87450243e-04]
  [-3.32611762e-02  9.69000697e-01  2.44808629e-01]
  [ 9.41600371e-03 -2.44629472e-01  9.69570875e-01]]

 [[ 7.99302816e-01  4.10916537e-01 -4.38477695e-01]
  [-2.09545821e-01  8.74457300e-01  4.37510103e-01]
  [ 5.63210130e-01 -2.57821888e-01  7.85062015e-01]]

 [[ 8.84949505e-01 -3.79520118e-01  2.69868344e-01]
  [ 2.80076236e-01  8.96735489e-01  3.42670202e-01]
  [-3.72050732e-01 -2.27662086e-01  8.99860203e-01]]

 [[ 4.05063987e-01 -2.74151087e-01 -8.72218013e-01]
  [ 5.48590243e-01  8.36052895e-01 -8.01482424e-03]
  [ 7.31417716e-01 -4.75243777e-01  4.89051521e-01]]

 [[ 3.29635799e-01  3.19216400e-01  8.88505101e-01]
  [-4.77145970e-01  8.68397772e-01 -1.34970978e-01]
  [-8.14660668e-01 -3.79455358e-01  4.38567817e-01]]

 [[ 9.50293839e-01 -3.09533477e-01 -3.36258113e-02]
  [ 2.98304498e-01  9.36077416e-01 -1.86476573e-01]
  [ 8.91971141e-02  1.67176798e-01  9.81883824e-01]]

 [[ 9.72706437e-01  2.08685562e-01  1.01452202e-01]
  [-1.97070271e-01  9.73787010e-01 -1.13587953e-01]
  [-1.22496992e-01  9.04945210e-02  9.88334596e-01]]

 [[ 9.84243631e-01  1.52656466e-01 -8.92215371e-02]
  [-1.38778776e-01  9.79623199e-01  1.45185605e-01]
  [ 1.09567009e-01 -1.30515963e-01  9.85373378e-01]]

 [[ 9.87223327e-01 -1.30126461e-01  9.19630453e-02]
  [ 1.20296225e-01  9.87127841e-01  1.05392404e-01]
  [-1.04493618e-01 -9.29830372e-02  9.90169346e-01]]]
[ 0.44255996  0.9199805  -0.25383803 -0.53944993 -0.26708603 -0.25841027
  0.1832907   0.17952797 -0.14575735  0.18244533]