[[[-0.7001775  -0.08474961 -0.708921  ]
  [-0.26526666 -0.8909742   0.36850855]
  [-0.6628613   0.4460745   0.60135883]]]
[[[ 0.9320247  -0.34585035 -0.10824738]
  [ 0.2072576   0.2636722   0.9420835 ]
  [-0.29727808 -0.90048015  0.31742913]]

 [[ 0.9755289   0.20643839 -0.07567428]
  [-0.13126183  0.8229173   0.5527906 ]
  [ 0.17639087 -0.52933     0.8298771 ]]

 [[ 0.99028045  0.13725781 -0.02246991]
  [-0.10745004  0.65241116 -0.7502094 ]
  [-0.08831249  0.7453321   0.6608184 ]]

 [[ 0.9452542   0.3237785   0.04076732]
  [-0.11466487  0.44649282 -0.88740975]
  [-0.3055265   0.83415323  0.45917523]]

 [[ 0.9714776  -0.16457826  0.17071971]
  [ 0.17157172 -0.00913183 -0.98512936]
  [ 0.16368985  0.9863218   0.0193656 ]]

 [[ 0.9918895   0.12664033 -0.0108403 ]
  [-0.12623866  0.9914834   0.03200876]
  [ 0.01480157 -0.03038068  0.99942887]]

 [[ 0.95760155  0.20778385  0.19956209]
  [-0.20277505  0.9781699  -0.04545042]
  [-0.20464952  0.00305717  0.9788304 ]]

 [[ 0.9751154  -0.00946399 -0.22149561]
  [ 0.06769048  0.9640889   0.25680828]
  [ 0.21111104 -0.26541087  0.9407386 ]]

 [[ 0.9962756   0.08566982 -0.00977516]
  [-0.08621389  0.9915918  -0.09650315]
  [ 0.00142557  0.0969865   0.9952847 ]]

 [[ 0.9282595  -0.3718998  -0.00498017]
  [ 0.36656794  0.91252095  0.18147586]
  [-0.06294633 -0.17028227  0.98338276]]

 [[ 0.9941945   0.10152401 -0.03564008]
  [-0.09068277  0.9688818   0.23031478]
  [ 0.05791349 -0.22574574  0.9724634 ]]

 [[ 0.9977454   0.04923686 -0.04560501]
  [-0.05672945  0.9818252  -0.18111064]
  [ 0.03585883  0.18328945  0.9824047 ]]

 [[ 0.96212846  0.0665957  -0.26433653]
  [-0.02115921  0.9850185   0.17114589]
  [ 0.27177393 -0.15907118  0.94912344]]

 [[ 0.9186447   0.22981606  0.32136667]
  [-0.27932772  0.9530498   0.11692799]
  [-0.27940652 -0.19718188  0.9397082 ]]

 [[ 0.99722993  0.03880154  0.06345847]
  [-0.04656172  0.99096495  0.12577963]
  [-0.05800468 -0.12838593  0.9900266 ]]

 [[ 0.8362538   0.45211482 -0.31027696]
  [-0.29783294  0.8496066   0.43527502]
  [ 0.46040758 -0.2715897   0.8451414 ]]

 [[ 0.9116533  -0.27517357  0.30523413]
  [ 0.13860567  0.9050965   0.40198112]
  [-0.38688093 -0.3241602   0.8632748 ]]

 [[ 0.3001948  -0.32723165 -0.89599246]
  [ 0.6880111   0.7248924  -0.03423062]
  [ 0.6606995  -0.6061769   0.44274792]]

 [[ 0.48866302  0.27903593  0.82664835]
  [-0.51003927  0.86007845  0.01118319]
  [-0.70786184 -0.42708793  0.5626078 ]]

 [[ 0.9583625  -0.2853518  -0.01075323]
  [ 0.28144115  0.95025665 -0.13342863]
  [ 0.04829243  0.12484661  0.9910001 ]]

 [[ 0.9782472   0.19963537  0.05637478]
  [-0.19160323  0.97369987 -0.12327533]
  [-0.07950223  0.10979216  0.99077   ]]

 [[ 0.9803517   0.18020914 -0.08022013]
  [-0.16832149  0.97628546  0.13614184]
  [ 0.10285175 -0.1199641   0.9874362 ]]

 [[ 0.98644924 -0.13785489  0.08896059]
  [ 0.12711003  0.9849797   0.11686814]
  [-0.1037352  -0.1039767   0.98915523]]]
[ 0.42842332  0.8313086  -0.18282719 -0.6568208  -0.22146833 -0.27582946
  0.17112465  0.14529952 -0.14431074  0.13995166]