[[[-0.3985095  -0.03895818 -0.9163365 ]
  [ 0.01714254 -0.9992393   0.03502761]
  [-0.91700405 -0.00174951  0.39887422]]]
[[[ 0.97145855 -0.21087027 -0.10863759]
  [ 0.20532049  0.5181383   0.8302868 ]
  [-0.11879351 -0.8288946   0.5466459 ]]

 [[ 0.9917075  -0.10106819  0.07938233]
  [-0.03288037  0.3975909   0.91697353]
  [-0.12423853 -0.91197956  0.39097074]]

 [[ 0.99364257  0.02010858 -0.11077057]
  [-0.10728531  0.4673486  -0.8775392 ]
  [ 0.0341224   0.8838444   0.46653482]]

 [[ 0.98641366  0.13565716 -0.09265606]
  [-0.14309296  0.43243468 -0.89023846]
  [-0.08069952  0.8914019   0.44597107]]

 [[ 0.9445863  -0.24938029  0.21346225]
  [ 0.12072986 -0.34077954 -0.93235904]
  [ 0.3052556   0.90646493 -0.29178804]]

 [[ 0.9968256  -0.02210316 -0.07648639]
  [ 0.02917125  0.99527943  0.09256332]
  [ 0.07407938 -0.0945007   0.9927648 ]]

 [[ 0.9695406   0.09312001  0.22653882]
  [-0.09306748  0.9955998  -0.01093664]
  [-0.22656038 -0.01047987  0.97394085]]

 [[ 0.9766649  -0.01751033 -0.21405384]
  [ 0.06137573  0.977862    0.20004693]
  [ 0.20581226 -0.20851652  0.9561182 ]]

 [[ 0.99258584 -0.02492652 -0.11896284]
  [ 0.02234188  0.99948555 -0.0230111 ]
  [ 0.11947522  0.02018263  0.9926321 ]]

 [[ 0.9782602  -0.20401214  0.03722883]
  [ 0.19491708  0.9658252   0.17084774]
  [-0.07081156 -0.15987702  0.9845938 ]]

 [[ 0.99053323  0.04390337  0.130063  ]
  [-0.07191214  0.9730216   0.2192202 ]
  [-0.11692961 -0.22649801  0.96696746]]

 [[ 0.9824995  -0.02457179  0.18463764]
  [ 0.01941775  0.9993712   0.02967113]
  [-0.18525058 -0.02556662  0.9823588 ]]

 [[ 0.7916857  -0.01391809 -0.61077005]
  [ 0.06239751  0.99635446  0.05817552]
  [ 0.6077337  -0.08416726  0.789668  ]]

 [[ 0.81794167  0.07263131  0.57069796]
  [-0.17312096  0.9770927   0.1237701 ]
  [-0.5486352  -0.2000365   0.81177884]]

 [[ 0.99791116  0.03966995  0.05098597]
  [-0.0562412   0.9218055   0.38355115]
  [-0.03178369 -0.3856175   0.9221111 ]]

 [[ 0.8969472   0.31426543 -0.31100306]
  [-0.17144096  0.89558333  0.41053426]
  [ 0.40754592 -0.31490892  0.8571689 ]]

 [[ 0.7299254  -0.566918    0.38185456]
  [ 0.48763117  0.8233735   0.2902962 ]
  [-0.4789831  -0.02569037  0.87744814]]

 [[ 0.9726871  -0.08971841 -0.2140804 ]
  [ 0.13124023  0.97328246  0.18840736]
  [ 0.19145706 -0.21135737  0.958474  ]]

 [[ 0.59994394  0.28336316  0.74817955]
  [-0.2897567   0.94864506 -0.12693922]
  [-0.74572676 -0.14063358  0.6512402 ]]

 [[ 0.97878027 -0.20406039  0.01867066]
  [ 0.19919604  0.92614394 -0.32027844]
  [ 0.04806443  0.31720132  0.94713944]]

 [[ 0.9843449   0.16993743  0.04675819]
  [-0.1594252   0.9715872  -0.1749343 ]
  [-0.07515754  0.16474126  0.9834692 ]]

 [[ 0.9906528   0.1153117  -0.07287101]
  [-0.09636647  0.9697156   0.22442177]
  [ 0.09654261 -0.21530174  0.9717637 ]]

 [[ 0.98336196 -0.1284655   0.12843612]
  [ 0.11462443  0.9873088   0.10992084]
  [-0.14092715 -0.09337007  0.9856072 ]]]
[ 0.52170396  0.581778   -0.5472975  -0.5575069  -0.20475155  0.02379081
  0.0834634  -0.01303285 -0.03147279  0.04258174]