[[[ 0.38669783  0.1998248  -0.9002971 ]
  [ 0.03419806 -0.97867817 -0.20253298]
  [-0.9215722   0.04753064 -0.38528633]]]
[[[ 9.66944695e-01 -2.34428719e-01 -1.00305222e-01]
  [ 2.31667981e-01  6.43348813e-01  7.29679585e-01]
  [-1.06526598e-01 -7.28797257e-01  6.76392376e-01]]

 [[ 9.65639055e-01  1.29429042e-01  2.25364789e-01]
  [-2.44762436e-01  7.44429827e-01  6.21221006e-01]
  [-8.73642489e-02 -6.55036151e-01  7.50529885e-01]]

 [[ 9.95424330e-01 -4.67136130e-02 -8.33555013e-02]
  [-2.40394175e-02  7.21862495e-01 -6.91618860e-01]
  [ 9.24792364e-02  6.90458119e-01  7.17436552e-01]]

 [[ 9.94140148e-01  1.05825081e-01 -2.20548678e-02]
  [-7.87640736e-02  5.69385529e-01 -8.18288624e-01]
  [-7.40377530e-02  8.15230727e-01  5.74384212e-01]]

 [[ 9.70450699e-01  8.55297968e-02  2.25632504e-01]
  [ 8.06683749e-02  7.66276598e-01 -6.37426674e-01]
  [-2.27415890e-01  6.36792600e-01  7.36734092e-01]]

 [[ 9.82971668e-01 -1.54370874e-01 -9.96805727e-02]
  [ 1.50761798e-01  9.87642229e-01 -4.28226329e-02]
  [ 1.05059303e-01  2.70654149e-02  9.94097531e-01]]

 [[ 9.75249052e-01  1.95363671e-01  1.03548288e-01]
  [-1.84954673e-01  9.77424860e-01 -1.02139704e-01]
  [-1.21165045e-01  8.04599151e-02  9.89366114e-01]]

 [[ 9.88831997e-01 -1.47304282e-01  2.26416979e-02]
  [ 1.49034217e-01  9.77345228e-01 -1.50283143e-01]
  [ 8.59434567e-06  1.51979178e-01  9.88383591e-01]]

 [[ 9.90668476e-01 -8.70475322e-02 -1.04874268e-01]
  [ 8.07688609e-02  9.94758546e-01 -6.27046376e-02]
  [ 1.09782852e-01  5.36489412e-02  9.92506683e-01]]

 [[ 9.62437153e-01 -2.54862726e-01  9.35939550e-02]
  [ 2.34355763e-01  9.53882158e-01  1.87579840e-01]
  [-1.37084723e-01 -1.58599511e-01  9.77780163e-01]]

 [[ 9.73956168e-01  2.01024354e-01 -1.04874320e-01]
  [-1.76782951e-01  9.62893307e-01  2.03922048e-01]
  [ 1.41976088e-01 -1.80071130e-01  9.73353565e-01]]

 [[ 9.96154428e-01  8.50831047e-02 -2.09089611e-02]
  [-8.74352902e-02  9.80652630e-01 -1.75143957e-01]
  [ 5.60263591e-03  1.76298618e-01  9.84320700e-01]]

 [[ 8.96591425e-01  4.50826474e-02 -4.40557986e-01]
  [-2.03658510e-02  9.97949839e-01  6.06738925e-02]
  [ 4.42390114e-01 -4.54273559e-02  8.95671427e-01]]

 [[ 8.92334878e-01 -2.73691356e-01  3.58931214e-01]
  [ 2.66268045e-01  9.61278677e-01  7.10258409e-02]
  [-3.64472061e-01  3.21930833e-02  9.30657744e-01]]

 [[ 9.92605746e-01  4.29498516e-02 -1.13530777e-01]
  [-5.32991476e-02  9.94536757e-01 -8.97540599e-02]
  [ 1.09055616e-01  9.51414779e-02  9.89472091e-01]]

 [[ 5.81800401e-01  7.04595149e-01 -4.06268388e-01]
  [-5.60069323e-01  7.09283471e-01  4.28064615e-01]
  [ 5.89771688e-01 -2.15096921e-02  8.07283521e-01]]

 [[ 5.17989099e-01 -7.48291135e-01  4.14424509e-01]
  [ 7.93945134e-01  6.00892007e-01  9.26277265e-02]
  [-3.18336874e-01  2.81050175e-01  9.05357599e-01]]

 [[ 1.69248968e-01 -2.53449410e-01 -9.52427447e-01]
  [ 5.53386331e-01  8.24094653e-01 -1.20960630e-01]
  [ 8.15547824e-01 -5.06587923e-01  2.79732615e-01]]

 [[ 4.62114513e-01  3.14462841e-01  8.29194307e-01]
  [-3.13190818e-01  9.32639599e-01 -1.79150358e-01]
  [-8.29675615e-01 -1.76908076e-01  5.29473186e-01]]

 [[ 9.39909577e-01 -3.40840161e-01 -1.99480485e-02]
  [ 3.41220438e-01  9.39760566e-01  2.04645488e-02]
  [ 1.17712468e-02 -2.60415077e-02  9.99591589e-01]]

 [[ 9.68790233e-01  2.47880206e-01  8.83028784e-04]
  [-2.46695817e-01  9.63801086e-01  1.01136677e-01]
  [ 2.42187157e-02 -9.81980711e-02  9.94872093e-01]]

 [[ 9.72214460e-01  2.07434192e-01 -1.08490385e-01]
  [-1.95500493e-01  9.74390149e-01  1.11101411e-01]
  [ 1.28758177e-01 -8.68044719e-02  9.87869680e-01]]

 [[ 9.71413255e-01 -2.17473924e-01  9.51912850e-02]
  [ 1.96426749e-01  9.61506546e-01  1.92150265e-01]
  [-1.33314714e-01 -1.67959198e-01  9.76737916e-01]]]
[ 0.33164123  0.67539924 -0.28758392 -0.20947936 -0.19624054 -0.0845034
  0.06866822  0.17130643  0.03646596  0.02345285]