[[[ 0.65266216  0.19752555 -0.73144776]
  [ 0.14883266 -0.9800324  -0.13185358]
  [-0.74288696 -0.02280748 -0.6690283 ]]]
[[[ 9.71478403e-01 -1.00977592e-01 -2.14553654e-01]
  [ 2.35729739e-01  5.09368598e-01  8.27632189e-01]
  [ 2.57145967e-02 -8.54603469e-01  5.18644035e-01]]

 [[ 9.74098802e-01  1.78036958e-01  1.39407530e-01]
  [-2.18598232e-01  5.83709538e-01  7.81983316e-01]
  [ 5.78484423e-02 -7.92203188e-01  6.07509315e-01]]

 [[ 9.96352077e-01  7.81065673e-02 -3.43801901e-02]
  [-7.37963095e-02  5.86259246e-01 -8.06755424e-01]
  [-4.28571887e-02  8.06349456e-01  5.89884579e-01]]

 [[ 9.95707452e-01 -2.17069350e-02 -8.99747387e-02]
  [-6.90899417e-02  4.72550750e-01 -8.78591061e-01]
  [ 6.15891702e-02  8.81036043e-01  4.69022572e-01]]

 [[ 9.84035969e-01 -1.65306330e-01  6.59320801e-02]
  [ 1.26107156e-01  3.86250705e-01 -9.13732708e-01]
  [ 1.25579476e-01  9.07460332e-01  4.00930911e-01]]

 [[ 9.94004309e-01 -1.06687859e-01 -2.39399038e-02]
  [ 1.05301678e-01  9.93018329e-01 -5.31609692e-02]
  [ 2.94443946e-02  5.03213219e-02  9.98298883e-01]]

 [[ 9.93334353e-01  1.02522552e-01  5.26884980e-02]
  [-1.00882463e-01  9.94354129e-01 -3.29049490e-02]
  [-5.57645187e-02  2.73702685e-02  9.98068869e-01]]

 [[ 9.88064826e-01 -1.28858835e-01 -8.43995661e-02]
  [ 1.25620782e-01  9.91161764e-01 -4.26362455e-02]
  [ 8.91476721e-02  3.15250382e-02  9.95519400e-01]]

 [[ 9.95543957e-01 -9.09999982e-02 -2.47223135e-02]
  [ 8.94713476e-02  9.94348168e-01 -5.71550019e-02]
  [ 2.97836885e-02  5.46883792e-02  9.98059213e-01]]

 [[ 9.56656277e-01 -2.36839414e-01  1.69457391e-01]
  [ 1.98742121e-01  9.56279576e-01  2.14548334e-01]
  [-2.12862134e-01 -1.71570703e-01  9.61900830e-01]]

 [[ 9.75613177e-01  2.09944978e-01 -6.40479401e-02]
  [-1.93774208e-01  9.60863233e-01  1.97973087e-01]
  [ 1.03104778e-01 -1.80734292e-01  9.78112757e-01]]

 [[ 9.99292135e-01 -2.54738471e-03 -3.75326239e-02]
  [-1.39201852e-03  9.94517505e-01 -1.04561098e-01]
  [ 3.75932083e-02  1.04539335e-01  9.93809998e-01]]

 [[ 9.07514155e-01  1.51195601e-01 -3.91864866e-01]
  [-1.37755126e-01  9.88500416e-01  6.23739734e-02]
  [ 3.96789223e-01 -2.62385956e-03  9.17906106e-01]]

 [[ 8.83835971e-01 -3.68849248e-01  2.87722379e-01]
  [ 3.61639082e-01  9.28887844e-01  7.99032450e-02]
  [-2.96734095e-01  3.34302969e-02  9.54374790e-01]]

 [[ 9.85039592e-01 -7.29086846e-02 -1.56145260e-01]
  [ 6.71800599e-02  9.96870637e-01 -4.16632332e-02]
  [ 1.58694223e-01  3.05500887e-02  9.86855030e-01]]

 [[ 5.40349483e-01  6.97160900e-01 -4.71157163e-01]
  [-6.51658654e-01  7.00955987e-01  2.89830357e-01]
  [ 5.32318830e-01  1.50423959e-01  8.33072126e-01]]

 [[ 5.88083744e-01 -7.29447782e-01  3.49375844e-01]
  [ 7.47550726e-01  6.55118585e-01  1.09487697e-01]
  [-3.08748156e-01  1.96788236e-01  9.30563807e-01]]

 [[-1.57493055e-01 -3.84938389e-01 -9.09405470e-01]
  [ 3.45864177e-01  8.41068864e-01 -4.15910035e-01]
  [ 9.24972355e-01 -3.80033731e-01  6.73886912e-04]]

 [[-3.49072695e-01  4.58810121e-01  8.17093432e-01]
  [-3.73667300e-01  7.31472969e-01 -5.70368409e-01]
  [-8.59372497e-01 -5.04421115e-01 -8.38948935e-02]]

 [[ 9.27434564e-01 -3.73388231e-01 -2.11290102e-02]
  [ 3.72951776e-01  9.27591503e-01 -2.19315980e-02]
  [ 2.77880915e-02  1.24600185e-02  9.99536216e-01]]

 [[ 9.18271780e-01  3.90062720e-01  6.80288225e-02]
  [-3.89338285e-01  9.20778155e-01 -2.41497308e-02]
  [-7.20593631e-02 -4.31020558e-03  9.97390926e-01]]

 [[ 9.65239286e-01  2.39512637e-01 -1.04627416e-01]
  [-2.22425565e-01  9.62961257e-01  1.52421936e-01]
  [ 1.37259126e-01 -1.23851813e-01  9.82761741e-01]]

 [[ 9.62631524e-01 -2.53635079e-01  9.49194282e-02]
  [ 2.36388400e-01  9.57978427e-01  1.62474498e-01]
  [-1.32139981e-01 -1.33965239e-01  9.82136607e-01]]]
[ 0.49234664  0.63698065 -0.18909448 -0.5306587  -0.16258991 -0.11668625
 -0.01582021  0.11786646  0.0032648  -0.03282204]