[[[ 0.51905453  0.1981658  -0.8314522 ]
  [ 0.06838543 -0.9792628  -0.19070326]
  [-0.8520011   0.04212619 -0.5218425 ]]]
[[[ 0.9685856  -0.1569093  -0.19292846]
  [ 0.24849789  0.58098334  0.77505296]
  [-0.00952479 -0.79864746  0.60172373]]

 [[ 0.96627367  0.15148053  0.20825201]
  [-0.25602934  0.6519245   0.7137531 ]
  [-0.02764488 -0.7429994   0.6687209 ]]

 [[ 0.9988397  -0.00477958 -0.04792018]
  [-0.03257762  0.6657693  -0.7454462 ]
  [ 0.0354667   0.74614245  0.66484106]]

 [[ 0.9964754   0.01489061 -0.08255237]
  [-0.0804137   0.44972536 -0.8895396 ]
  [ 0.02388013  0.8930428   0.44933766]]

 [[ 0.9898836   0.00125398  0.14187619]
  [ 0.12223364  0.5001704  -0.8572564 ]
  [-0.07203725  0.8659261   0.4949572 ]]

 [[ 0.9913045  -0.12522069 -0.04043419]
  [ 0.12213934  0.989946   -0.0713364 ]
  [ 0.04896046  0.06577751  0.99663234]]

 [[ 0.9879949   0.15031353  0.03566469]
  [-0.14755854  0.98655516 -0.07025222]
  [-0.04574505  0.06414621  0.9968915 ]]

 [[ 0.9889536  -0.14567852 -0.02735834]
  [ 0.14260955  0.9854618  -0.09234478]
  [ 0.04041326  0.08742315  0.9953511 ]]

 [[ 0.9951254  -0.08458554 -0.05070212]
  [ 0.08236387  0.9956121  -0.04441633]
  [ 0.05423662  0.04002379  0.99772567]]

 [[ 0.95116985 -0.26183918  0.16345096]
  [ 0.21747677  0.94426894  0.24710329]
  [-0.21904297 -0.1994904   0.9551041 ]]

 [[ 0.9713927   0.2271412  -0.06930444]
  [-0.20754574  0.95383084  0.21709807]
  [ 0.11541662 -0.19650364  0.9736865 ]]

 [[ 0.99712014  0.05693389 -0.05009962]
  [-0.06464095  0.9835204  -0.16884653]
  [ 0.03966091  0.17159876  0.98436826]]

 [[ 0.937654    0.08814009 -0.3362086 ]
  [-0.08566143  0.9960763   0.02222863]
  [ 0.33684868  0.00795735  0.94152516]]

 [[ 0.91302896 -0.27504432  0.30121207]
  [ 0.2778596   0.96000683  0.0343632 ]
  [-0.2986171   0.05232007  0.9529377 ]]

 [[ 0.9881753  -0.02129854 -0.151842  ]
  [ 0.01942586  0.999716   -0.01380612]
  [ 0.15209292  0.01069321  0.98830837]]

 [[ 0.48076385  0.79224104 -0.37579286]
  [-0.7629636   0.58917505  0.2660063 ]
  [ 0.43214884  0.15883005  0.88770515]]

 [[ 0.5419209  -0.7487548   0.38169083]
  [ 0.8011804   0.59743     0.03445749]
  [-0.25383374  0.28713     0.92364746]]

 [[-0.26659644 -0.3826691  -0.884585  ]
  [ 0.3167206   0.83204776 -0.45539492]
  [ 0.9102826  -0.40157294 -0.10062178]]

 [[-0.24194592  0.47940487  0.8435835 ]
  [-0.24694459  0.8103612  -0.53135026]
  [-0.93833923 -0.33687642 -0.07767715]]

 [[ 0.9261706  -0.37450093 -0.044239  ]
  [ 0.3767628   0.9239363   0.0662678 ]
  [ 0.01605666 -0.07804289  0.9968206 ]]

 [[ 0.92951465  0.36386812  0.06002054]
  [-0.36596742  0.93019456  0.02838945]
  [-0.04550076 -0.04835397  0.9977934 ]]

 [[ 0.9653341   0.24374768 -0.09336515]
  [-0.2280564   0.9616231   0.15254912]
  [ 0.12696558 -0.12596835  0.98387575]]

 [[ 0.96497667 -0.25195485  0.07306648]
  [ 0.235656    0.9549154   0.18056229]
  [-0.11526586 -0.15701985  0.98084575]]]
[ 0.33404863  0.48585373 -0.2740879  -0.5426576  -0.16636622 -0.0068008
  0.05221975  0.08221155  0.00830026 -0.03106907]