[[[-0.7719711  -0.05746058 -0.63305527]
  [-0.21281749 -0.9150687   0.34257567]
  [-0.5989736   0.39918375  0.694178  ]]]
[[[ 8.70890856e-01 -4.62771386e-01 -1.65504426e-01]
  [ 2.89337665e-01  2.10549176e-01  9.33784127e-01]
  [-3.97281736e-01 -8.61110747e-01  3.17262530e-01]]

 [[ 8.59423995e-01  4.91081744e-01 -1.42229006e-01]
  [-4.30598587e-01  8.45235646e-01  3.16483080e-01]
  [ 2.75636107e-01 -2.10749537e-01  9.37874913e-01]]

 [[ 9.94881570e-01  7.23961070e-02  7.04931915e-02]
  [-8.99772218e-04  7.03947663e-01 -7.10251212e-01]
  [-1.01042919e-01  7.06552565e-01  7.00409710e-01]]

 [[ 9.37931180e-01  3.43731165e-01  4.61950861e-02]
  [-1.09609738e-01  4.20152158e-01 -9.00809586e-01]
  [-3.29045236e-01  8.39833975e-01  4.31750089e-01]]

 [[ 9.74899113e-01  4.76619042e-02  2.17485696e-01]
  [ 1.63635880e-01  5.09011865e-01 -8.45062256e-01]
  [-1.50980085e-01  8.59438896e-01  4.88436013e-01]]

 [[ 9.89175200e-01  1.46730721e-01  1.59245823e-03]
  [-1.46611035e-01  9.88705575e-01 -3.10858525e-02]
  [-6.13572262e-03  3.05158831e-02  9.99515355e-01]]

 [[ 9.47488070e-01  2.66878664e-01  1.76187634e-01]
  [-2.69880682e-01  9.62867200e-01 -7.15140114e-03]
  [-1.71553850e-01 -4.07737717e-02  9.84330595e-01]]

 [[ 9.63813841e-01 -7.39679933e-02 -2.56108880e-01]
  [ 1.41001925e-01  9.56792414e-01  2.54296571e-01]
  [ 2.26233229e-01 -2.81206340e-01  9.32599425e-01]]

 [[ 9.90636051e-01  1.27363488e-01  4.91816550e-02]
  [-1.23581253e-01  9.89607275e-01 -7.35197216e-02]
  [-5.80342524e-02  6.67533502e-02  9.96080399e-01]]

 [[ 9.02645171e-01 -4.26920384e-01  5.45042865e-02]
  [ 4.15360987e-01  8.97289753e-01  1.49487153e-01]
  [-1.12725243e-01 -1.12294897e-01  9.87260342e-01]]

 [[ 9.79108095e-01  1.85711399e-01 -8.28169584e-02]
  [-1.63783744e-01  9.61637497e-01  2.20064223e-01]
  [ 1.20508321e-01 -2.01902583e-01  9.71963584e-01]]

 [[ 9.96852517e-01  4.28696238e-02 -6.66869432e-02]
  [-5.67163154e-02  9.73378837e-01 -2.22073913e-01]
  [ 5.53914420e-02  2.25157201e-01  9.72746551e-01]]

 [[ 9.73937213e-01  1.98275313e-01 -1.10150725e-01]
  [-1.76724702e-01  9.67765629e-01  1.79438367e-01]
  [ 1.42178282e-01 -1.55295342e-01  9.77583110e-01]]

 [[ 9.55411971e-01  1.58452049e-01  2.49160349e-01]
  [-1.85164526e-01  9.78799224e-01  8.75567049e-02]
  [-2.30004415e-01 -1.29788384e-01  9.64496195e-01]]

 [[ 9.91609275e-01  6.54740408e-02  1.11464076e-01]
  [-6.94420785e-02  9.97069597e-01  3.20931114e-02]
  [-1.09036177e-01 -3.95641215e-02  9.93250132e-01]]

 [[ 8.28344882e-01  4.98570979e-01 -2.55483210e-01]
  [-3.90317053e-01  8.40756178e-01  3.75208706e-01]
  [ 4.01867300e-01 -2.11082771e-01  8.91036808e-01]]

 [[ 8.92955661e-01 -2.47191027e-01  3.76200616e-01]
  [ 8.91560093e-02  9.16296482e-01  3.90451133e-01]
  [-4.41227287e-01 -3.15114975e-01  8.40250671e-01]]

 [[ 3.44612360e-01 -3.25236022e-01 -8.80604208e-01]
  [ 6.50138736e-01  7.59369254e-01 -2.60370988e-02]
  [ 6.77172005e-01 -5.63542247e-01  4.73136574e-01]]

 [[ 5.76933742e-01  2.40400463e-01  7.80611932e-01]
  [-5.05090833e-01  8.56070817e-01  1.09662838e-01]
  [-6.41896129e-01 -4.57548171e-01  6.15320206e-01]]

 [[ 9.80669916e-01 -1.94306657e-01  2.30525974e-02]
  [ 1.95597693e-01  9.76671875e-01 -8.86209682e-02]
  [-5.29517792e-03  9.14169550e-02  9.95798647e-01]]

 [[ 9.87397611e-01  1.57265514e-01  1.77067015e-02]
  [-1.54580489e-01  9.82373416e-01 -1.05105996e-01]
  [-3.39241438e-02  1.01044297e-01  9.94303346e-01]]

 [[ 9.80874419e-01  1.80168897e-01 -7.36515820e-02]
  [-1.69899151e-01  9.77155983e-01  1.27673686e-01]
  [ 9.49719027e-02 -1.12718515e-01  9.89077866e-01]]

 [[ 9.89114881e-01 -1.33872703e-01  6.10726811e-02]
  [ 1.23375177e-01  9.80712473e-01  1.51596680e-01]
  [-8.01894069e-02 -1.42411679e-01  9.86553848e-01]]]
[ 0.3602227   0.7709433  -0.12256096 -0.8106841  -0.20582038 -0.25591356
  0.12758718  0.1451599  -0.17001405  0.04769772]