[[[-0.8605718  -0.05571217 -0.50627303]
  [-0.11300575 -0.94833976  0.29644802]
  [-0.4966346   0.31232655  0.8098187 ]]]
[[[ 0.80234116 -0.5260663  -0.28196248]
  [ 0.41214216  0.14660637  0.89924705]
  [-0.4317261  -0.83771163  0.33444244]]

 [[ 0.76264155  0.61918604 -0.18704726]
  [-0.56076634  0.77705055  0.28589106]
  [ 0.32236487 -0.11314256  0.9398297 ]]

 [[ 0.99645597  0.02156134  0.08130578]
  [ 0.03923647  0.7358494  -0.6760076 ]
  [-0.07440443  0.676802    0.7323955 ]]

 [[ 0.9616282   0.26677078  0.06406755]
  [-0.07628652  0.4843049  -0.8715671 ]
  [-0.2635369   0.8332359   0.48607227]]

 [[ 0.92799354  0.11099181  0.35568088]
  [ 0.02657381  0.93245435 -0.3603093 ]
  [-0.37164754  0.34381646  0.86236215]]

 [[ 0.9924262   0.12218416 -0.01269582]
  [-0.12266782  0.99121356 -0.04947954]
  [ 0.00653866  0.05066217  0.99869436]]

 [[ 0.93094516  0.34777528  0.11132585]
  [-0.3471462   0.937461   -0.02561583]
  [-0.11327221 -0.01479941  0.9934537 ]]

 [[ 0.9563773  -0.22116858 -0.19085795]
  [ 0.2407895   0.96673113  0.08632104]
  [ 0.16541682 -0.12851208  0.9778148 ]]

 [[ 0.99149734  0.11865024  0.05343271]
  [-0.11942963  0.99277455  0.01162635]
  [-0.05166717 -0.01790895  0.9985037 ]]

 [[ 0.8705082  -0.47775275  0.11818555]
  [ 0.46447     0.8769069   0.1237012 ]
  [-0.1627363  -0.05278926  0.98525643]]

 [[ 0.93608606  0.3169333  -0.15263097]
  [-0.28837222  0.93986565  0.18301342]
  [ 0.20145567 -0.12730178  0.9711899 ]]

 [[ 0.99586374 -0.02042769 -0.08853307]
  [ 0.0134469   0.9968044  -0.0787404 ]
  [ 0.08985865  0.07722422  0.99295604]]

 [[ 0.9383892   0.3013226  -0.16920513]
  [-0.28933024  0.95278424  0.09214287]
  [ 0.18898068 -0.03750971  0.9812642 ]]

 [[ 0.91095614  0.12011957  0.3946266 ]
  [-0.17018375  0.98089176  0.09428062]
  [-0.375761   -0.15304455  0.91399175]]

 [[ 0.98586035  0.03464528  0.16394855]
  [-0.05212021  0.99326116  0.10351689]
  [-0.15925735 -0.11059822  0.98102254]]

 [[ 0.6952975   0.6900818  -0.20086956]
  [-0.6523736   0.72324693  0.22654465]
  [ 0.30161268 -0.0264739   0.9530629 ]]

 [[ 0.7228054  -0.34715578  0.59752434]
  [ 0.12547655  0.91621715  0.38052836]
  [-0.6795646  -0.20007263  0.7058066 ]]

 [[ 0.44302717 -0.35203987 -0.82449675]
  [ 0.5445302   0.83625984 -0.06446977]
  [ 0.7121894  -0.4204015   0.5621822 ]]

 [[ 0.49289653  0.18939278  0.8492252 ]
  [-0.44895443  0.89141685  0.06177413]
  [-0.74531406 -0.4117116   0.524405  ]]

 [[ 0.98632586 -0.16285671  0.0252755 ]
  [ 0.16045229  0.98392725  0.0783722 ]
  [-0.0376327  -0.07324502  0.9966036 ]]

 [[ 0.97392946  0.22561167 -0.02367897]
  [-0.22682811  0.9699902  -0.08756706]
  [ 0.00321222  0.0906552   0.9958771 ]]

 [[ 0.98104036  0.1726872  -0.08797121]
  [-0.16041869  0.9782673   0.13137324]
  [ 0.10874584 -0.11477023  0.987422  ]]

 [[ 0.9875246  -0.14430317  0.06302173]
  [ 0.1313527   0.9756388   0.17571385]
  [-0.08684251 -0.16524367  0.98242193]]]
[ 0.40716368  0.7320807  -0.19391839 -0.8350638  -0.18117261 -0.14709327
  0.14334473  0.12099566 -0.10052988  0.00965515]