[[[-0.7826807  -0.05741285 -0.61976993]
  [-0.17520274 -0.93515295  0.30788457]
  [-0.59725624  0.34956068  0.72186726]]]
[[[ 0.8579984  -0.48304078 -0.17467244]
  [ 0.30443934  0.20433187  0.93035764]
  [-0.4137095  -0.8514224   0.32237303]]

 [[ 0.84371686  0.5149934  -0.15140533]
  [-0.4594148   0.8386661   0.29253578]
  [ 0.27763253 -0.17725952  0.94419235]]

 [[ 0.9940868   0.0851923   0.06733236]
  [-0.01223613  0.7040048  -0.7100896 ]
  [-0.1078965   0.7050669   0.70088434]]

 [[ 0.9351992   0.35035002  0.05154916]
  [-0.10643373  0.41692457 -0.9026881 ]
  [-0.33774891  0.8387066   0.4271966 ]]

 [[ 0.96517473  0.09416499  0.24407095]
  [ 0.14824569  0.57184243 -0.8068577 ]
  [-0.21554787  0.8149412   0.53796834]]

 [[ 0.99268025  0.12028406 -0.01084123]
  [-0.12064547  0.99174166 -0.04351098]
  [ 0.00551802  0.04450044  0.9989941 ]]

 [[ 0.9383139   0.29653072  0.17786676]
  [-0.2972457   0.9545181  -0.02324303]
  [-0.1766693  -0.03106087  0.9837801 ]]

 [[ 0.96651906 -0.0874095  -0.2412478 ]
  [ 0.14342542  0.9636367   0.22546281]
  [ 0.21276765 -0.25251517  0.94391   ]]

 [[ 0.99281067  0.11334178  0.03847952]
  [-0.11032915  0.9912096  -0.07301352]
  [-0.04641676  0.06824318  0.9965884 ]]

 [[ 0.88987154 -0.45174313  0.06369269]
  [ 0.43940264  0.88623893  0.14664869]
  [-0.12269448 -0.10251176  0.98713595]]

 [[ 0.9756493   0.19168685 -0.10660531]
  [-0.1629196   0.9587564   0.23290215]
  [ 0.14685279 -0.20986271  0.9666395 ]]

 [[ 0.99705195  0.03090799 -0.07022901]
  [-0.04662177  0.970982   -0.23456423]
  [ 0.06094119  0.23714691  0.9695605 ]]

 [[ 0.980429    0.1878428  -0.05894098]
  [-0.17644097  0.9711866   0.16020381]
  [ 0.08733582 -0.14666887  0.98532265]]

 [[ 0.9699644   0.110885    0.21650329]
  [-0.13776149  0.9839712   0.11323646]
  [-0.20047677 -0.13966113  0.9696927 ]]

 [[ 0.99337155  0.06519373  0.09467244]
  [-0.07007386  0.9963293   0.04916936]
  [-0.09111939 -0.0554775   0.9942936 ]]

 [[ 0.8184641   0.54313445 -0.18740743]
  [-0.4650421   0.81778085  0.3390727 ]
  [ 0.3374203  -0.19036646  0.9219047 ]]

 [[ 0.8378692  -0.3517142   0.41745922]
  [ 0.17880769  0.8994024   0.3988774 ]
  [-0.51575464 -0.25956222  0.8164708 ]]

 [[ 0.22782247 -0.34977812 -0.90870917]
  [ 0.65244764  0.7475896  -0.12418523]
  [ 0.72277874 -0.56459296  0.39852962]]

 [[ 0.28471944  0.27573135  0.91809976]
  [-0.54818445  0.83251995 -0.08002733]
  [-0.78640234 -0.4805027   0.38818625]]

 [[ 0.97797316 -0.20618628  0.0324911 ]
  [ 0.20825192  0.97437257 -0.08502497]
  [-0.01412745  0.08991847  0.9958489 ]]

 [[ 0.9807671   0.19514433 -0.00382989]
  [-0.19443618  0.9751181  -0.10648635]
  [-0.01704561  0.10518297  0.99430686]]

 [[ 0.97881114  0.18931317 -0.07803316]
  [-0.17855291  0.9756578   0.12732135]
  [ 0.10023727 -0.11069051  0.9887872 ]]

 [[ 0.9875746  -0.14676157  0.05619191]
  [ 0.13650236  0.9782764   0.15602085]
  [-0.07786908 -0.14641188  0.9861542 ]]]
[ 0.30532664  0.65814817 -0.10370238 -0.70007765 -0.17708993 -0.23826215
  0.11536868  0.10468781 -0.12307373  0.02117038]