[[[ 0.5225897   0.19070455 -0.8309823 ]
  [ 0.04979916 -0.97982657 -0.19354545]
  [-0.85112864  0.05976264 -0.52154416]]]
[[[ 0.9693627  -0.16091736 -0.18558438]
  [ 0.24493553  0.57630694  0.77966464]
  [-0.01850801 -0.801234    0.59806484]]

 [[ 0.96251994  0.16927548  0.21189874]
  [-0.27039465  0.6595117   0.7013779 ]
  [-0.02102363 -0.7323866   0.68056434]]

 [[ 0.99863875 -0.01539998 -0.0498355 ]
  [-0.02619408  0.6781516  -0.73445517]
  [ 0.04510662  0.7347607   0.6768251 ]]

 [[ 0.9966329   0.03048627 -0.07611565]
  [-0.08169334  0.44861823 -0.88998204]
  [ 0.00701461  0.89320344  0.4495982 ]]

 [[ 0.988339    0.01290349  0.15172179]
  [ 0.12366761  0.5133114  -0.8492454 ]
  [-0.08883874  0.8581055   0.5057299 ]]

 [[ 0.99146724 -0.12133259 -0.0476553 ]
  [ 0.11793693  0.99065095 -0.0685681 ]
  [ 0.05552931  0.06236271  0.9965075 ]]

 [[ 0.9872189   0.15467604  0.03839521]
  [-0.15139128  0.9854456  -0.07731468]
  [-0.04979512  0.07051381  0.99626714]]

 [[ 0.98779464 -0.15284671 -0.02999275]
  [ 0.14947814  0.98434657 -0.09337063]
  [ 0.04379465  0.08774775  0.9951795 ]]

 [[ 0.9954664  -0.07815637 -0.05420499]
  [ 0.0755816   0.9959823  -0.04802899]
  [ 0.05774098  0.04371435  0.9973741 ]]

 [[ 0.95043737 -0.26516002  0.16235438]
  [ 0.22052409  0.9430154   0.24918102]
  [-0.2191755  -0.2010279   0.95475125]]

 [[ 0.9688266   0.23862876 -0.06656807]
  [-0.21887589  0.95034355  0.22122502]
  [ 0.11605319 -0.19975854  0.9729482 ]]

 [[ 0.99647415  0.06646231 -0.05120673]
  [-0.07448654  0.9816853  -0.17534478]
  [ 0.03861507  0.17854074  0.98317456]]

 [[ 0.93759155  0.07804903 -0.33886656]
  [-0.07501681  0.9969382   0.02205864]
  [ 0.3395507   0.0047387   0.94057584]]

 [[ 0.92674834 -0.24610063  0.28385195]
  [ 0.24914552  0.96811897  0.02592731]
  [-0.28118318  0.04669233  0.9585175 ]]

 [[ 0.99007046 -0.00939516 -0.14025784]
  [ 0.0069996   0.9998213  -0.01756331]
  [ 0.14039777  0.01640717  0.9899593 ]]

 [[ 0.48372942  0.78874403 -0.37932655]
  [-0.75482583  0.595341    0.2753307 ]
  [ 0.44299412  0.1531399   0.88334835]]

 [[ 0.5603172  -0.73934144  0.37338826]
  [ 0.7936581   0.6082177   0.01333808]
  [-0.2369628   0.2888691   0.92757916]]

 [[-0.23828217 -0.36988145 -0.8980029 ]
  [ 0.3240998   0.84134704 -0.4325441 ]
  [ 0.9155222  -0.3941101  -0.08059949]]

 [[-0.24539836  0.47168875  0.8469294 ]
  [-0.2371006   0.8179068  -0.52422494]
  [-0.93998027 -0.32945144 -0.0888753 ]]

 [[ 0.92679346 -0.37303683 -0.04355913]
  [ 0.37515202  0.92499053  0.06044416]
  [ 0.01774388 -0.07236055  0.9972207 ]]

 [[ 0.9315575   0.3581002   0.06296767]
  [-0.36051828  0.93219876  0.03212682]
  [-0.04719375 -0.05262897  0.9974984 ]]

 [[ 0.9664708   0.23940931 -0.0928302 ]
  [-0.22413334  0.96295124  0.14996386]
  [ 0.1252937  -0.12412934  0.98432386]]

 [[ 0.96610147 -0.24760523  0.07307167]
  [ 0.23127732  0.955866    0.18119298]
  [-0.11471108 -0.158151    0.980729  ]]]
[ 0.33004108  0.48239803 -0.25453785 -0.5313182  -0.16953552 -0.00582388
  0.06134364  0.07979774  0.00239088 -0.02123874]