[[[ 0.5600155   0.2112243  -0.80110365]
  [ 0.12448101 -0.9774289  -0.17069635]
  [-0.8190771  -0.0041296  -0.5736688 ]]]
[[[ 9.66640651e-01 -1.14240140e-01 -2.29248956e-01]
  [ 2.53735036e-01  5.49364984e-01  7.96126008e-01]
  [ 3.49918082e-02 -8.27736199e-01  5.60025275e-01]]

 [[ 9.73502040e-01  1.50597751e-01  1.72087759e-01]
  [-2.28614360e-01  6.23094559e-01  7.47989833e-01]
  [ 5.41865546e-03 -7.67511249e-01  6.41012609e-01]]

 [[ 9.98569071e-01  4.46446054e-02 -2.94407792e-02]
  [-5.07169366e-02  6.15978599e-01 -7.86128640e-01]
  [-1.69615149e-02  7.86496818e-01  6.17361426e-01]]

 [[ 9.94061291e-01 -3.87530886e-02 -1.01687789e-01]
  [-7.57446438e-02  4.24531460e-01 -9.02239323e-01]
  [ 7.81342238e-02  9.04583454e-01  4.19074953e-01]]

 [[ 9.90975261e-01 -7.84590766e-02  1.08684361e-01]
  [ 1.32317826e-01  4.42814857e-01 -8.86795998e-01]
  [ 2.14501489e-02  8.93173695e-01  4.49200094e-01]]

 [[ 9.92357969e-01 -1.21296473e-01 -2.26437170e-02]
  [ 1.19315945e-01  9.90058780e-01 -7.44800121e-02]
  [ 3.14527750e-02  7.12090880e-02  9.96965349e-01]]

 [[ 9.91408646e-01  1.26692787e-01  3.25256996e-02]
  [-1.25589415e-01  9.91499960e-01 -3.39877121e-02]
  [-3.65552232e-02  2.96108257e-02  9.98892903e-01]]

 [[ 9.90851223e-01 -1.25761807e-01 -4.89681102e-02]
  [ 1.22728288e-01  9.90582705e-01 -6.06922396e-02]
  [ 5.61397336e-02  5.41272052e-02  9.96954620e-01]]

 [[ 9.95251358e-01 -9.22173485e-02 -3.11557483e-02]
  [ 9.06828269e-02  9.94745374e-01 -4.75214869e-02]
  [ 3.53743434e-02  4.44705337e-02  9.98384237e-01]]

 [[ 9.50596690e-01 -2.56664455e-01  1.74611941e-01]
  [ 2.10804373e-01  9.46629286e-01  2.43833005e-01]
  [-2.27876037e-01 -1.94977880e-01  9.53968644e-01]]

 [[ 9.74514306e-01  2.08432809e-01 -8.29314962e-02]
  [-1.86176777e-01  9.57723498e-01  2.19326109e-01]
  [ 1.25140190e-01 -1.98296517e-01  9.72120583e-01]]

 [[ 9.97678101e-01  9.81659070e-03 -6.73949420e-02]
  [-1.95537284e-02  9.89182532e-01 -1.45380691e-01]
  [ 6.52387589e-02  1.46360949e-01  9.87077713e-01]]

 [[ 9.37777102e-01  1.37315944e-01 -3.18933338e-01]
  [-1.33511692e-01  9.90468264e-01  3.38718891e-02]
  [ 3.20544481e-01  1.08170463e-02  9.47171748e-01]]

 [[ 8.89213741e-01 -3.56635630e-01  2.86548465e-01]
  [ 3.51079077e-01  9.33541596e-01  7.24130124e-02]
  [-2.93329954e-01  3.62105295e-02  9.55325305e-01]]

 [[ 9.79832888e-01 -6.36448339e-02 -1.89412072e-01]
  [ 6.04117066e-02  9.97913122e-01 -2.28003524e-02]
  [ 1.90467924e-01  1.08978311e-02  9.81633008e-01]]

 [[ 5.07610321e-01  7.67831147e-01 -3.90854269e-01]
  [-7.45366752e-01  6.18893147e-01  2.47789472e-01]
  [ 4.32157516e-01  1.65549293e-01  8.86472344e-01]]

 [[ 5.31826437e-01 -7.51580834e-01  3.90239477e-01]
  [ 7.86761105e-01  6.08992457e-01  1.00673370e-01]
  [-3.13317090e-01  2.53484488e-01  9.15192842e-01]]

 [[-2.81590462e-01 -3.97031456e-01 -8.73540461e-01]
  [ 3.26397121e-01  8.16456497e-01 -4.76302207e-01]
  [ 9.02314723e-01 -4.19243187e-01 -1.00316435e-01]]

 [[-4.15433198e-01  4.71776277e-01  7.77716160e-01]
  [-2.95700133e-01  7.38506377e-01 -6.05945349e-01]
  [-8.60219002e-01 -4.81700569e-01 -1.67295754e-01]]

 [[ 9.25961077e-01 -3.76087129e-01 -3.39791216e-02]
  [ 3.77267957e-01  9.25226450e-01  4.03095670e-02]
  [ 1.62784737e-02 -5.01443222e-02  9.98609304e-01]]

 [[ 9.13006663e-01  4.03278917e-01  6.15224838e-02]
  [-4.03992981e-01  9.14761603e-01 -9.07291251e-04]
  [-5.66443019e-02 -2.40262877e-02  9.98105288e-01]]

 [[ 9.62211847e-01  2.53327519e-01 -9.98670086e-02]
  [-2.36206561e-01  9.58976209e-01  1.56751692e-01]
  [ 1.35479614e-01 -1.27239108e-01  9.82575893e-01]]

 [[ 9.60888386e-01 -2.65921652e-01  7.73252472e-02]
  [ 2.50578940e-01  9.53743160e-01  1.66084886e-01]
  [-1.17913991e-01 -1.40212953e-01  9.83075082e-01]]]
[ 0.41193038  0.6340925  -0.23002508 -0.5696856  -0.1988324  -0.06971922
  0.01069143  0.12221347 -0.00507228 -0.02469838]