[[[ 0.32417879  0.2230586  -0.919322  ]
  [ 0.0474683  -0.9744148  -0.21968731]
  [-0.94480413  0.02757931 -0.32647282]]]
[[[ 0.94310254 -0.32481432 -0.07108653]
  [ 0.28930092  0.69621164  0.65695834]
  [-0.16389821 -0.64014447  0.75056803]]

 [[ 0.97362006  0.09216687  0.20873246]
  [-0.21415538  0.684828    0.69652575]
  [-0.07874922 -0.72285265  0.6865003 ]]

 [[ 0.9875775  -0.03862932 -0.15231057]
  [-0.08209854  0.69963545 -0.70976764]
  [ 0.13397971  0.713455    0.6877728 ]]

 [[ 0.99514955  0.06750584 -0.07155569]
  [-0.09597732  0.5067124  -0.856756  ]
  [-0.02157784  0.85946816  0.5107336 ]]

 [[ 0.98290175  0.01629555  0.1834087 ]
  [ 0.14236091  0.5644819  -0.8130767 ]
  [-0.11678043  0.8252846   0.55251044]]

 [[ 0.97795844 -0.14106932 -0.15393744]
  [ 0.13750786  0.9899307  -0.0335973 ]
  [ 0.15712695  0.01168915  0.9875092 ]]

 [[ 0.96827304  0.173397    0.17994653]
  [-0.16045812  0.98344135 -0.08423896]
  [-0.19157366  0.05269243  0.9800627 ]]

 [[ 0.98158926 -0.1565465  -0.10943352]
  [ 0.14888161  0.98600185 -0.07506435]
  [ 0.11965271  0.05738972  0.99115574]]

 [[ 0.98272026 -0.07749493 -0.16809337]
  [ 0.06829759  0.9958693  -0.0598322 ]
  [ 0.17203571  0.04731794  0.98395365]]

 [[ 0.9691078  -0.23414515  0.07749896]
  [ 0.21422085  0.9548199   0.20598146]
  [-0.12222711 -0.18301636  0.9754822 ]]

 [[ 0.9764307   0.21548644 -0.01218757]
  [-0.20988932  0.9611944   0.17903034]
  [ 0.05029324 -0.1722527   0.98376805]]

 [[ 0.99084014  0.09094812  0.09982187]
  [-0.06058651  0.960021   -0.27329272]
  [-0.12068655  0.26474148  0.9567376 ]]

 [[ 0.8553405  -0.01497942 -0.5178498 ]
  [ 0.03916387  0.99859124  0.03580213]
  [ 0.5165839  -0.05090401  0.85472214]]

 [[ 0.96450025 -0.12533954  0.23244198]
  [ 0.10935748  0.99074024  0.0804657 ]
  [-0.24037515 -0.05218991  0.969276  ]]

 [[ 0.99735063  0.05040327 -0.05245126]
  [-0.05276164  0.997611   -0.04459301]
  [ 0.05007831  0.04724228  0.9976273 ]]

 [[ 0.72620314  0.5167199  -0.45346382]
  [-0.2865085   0.8270658   0.4836062 ]
  [ 0.62493336 -0.22127512  0.7486624 ]]

 [[ 0.66618633 -0.72134364  0.1893651 ]
  [ 0.7279127   0.6841664   0.04538083]
  [-0.1622924   0.10760918  0.9808575 ]]

 [[ 0.6658984  -0.20584019 -0.71708375]
  [ 0.4467747   0.87979484  0.16233726]
  [ 0.5974711  -0.428475    0.6778181 ]]

 [[ 0.35760328  0.39332256  0.84700483]
  [-0.49183184  0.8503248  -0.18721408]
  [-0.7938648  -0.3496356   0.4975275 ]]

 [[ 0.97194666 -0.23267974  0.0343476 ]
  [ 0.23508334  0.96566814 -0.11054786]
  [-0.00744614  0.11552119  0.9932771 ]]

 [[ 0.98284054  0.1839028   0.01428989]
  [-0.18416072  0.97392225  0.13251552]
  [ 0.01045273 -0.13287327  0.99107796]]

 [[ 0.9861995   0.14666934 -0.07680216]
  [-0.13528822  0.98131496  0.13681407]
  [ 0.09543353 -0.12453555  0.9876149 ]]

 [[ 0.9757119  -0.19322301  0.10320438]
  [ 0.17811862  0.97404504  0.13967866]
  [-0.12751484 -0.11790351  0.9848039 ]]]
[ 0.38642895  0.5317153  -0.42595595 -0.5441587  -0.23174912  0.01758555
  0.0380168   0.06482922  0.0456052   0.02749181]