[[[-0.47777373 -0.04941038 -0.8770923 ]
  [-0.10179843 -0.98857695  0.1111429 ]
  [-0.8725648   0.14238778  0.4672862 ]]]
[[[ 0.9733565  -0.20707831 -0.09846611]
  [ 0.18860233  0.47880515  0.85742325]
  [-0.13040769 -0.85314953  0.5051035 ]]

 [[ 0.9900375  -0.132506    0.04762131]
  [ 0.02332736  0.4878941   0.8725911 ]
  [-0.1388577  -0.8627871   0.48612446]]

 [[ 0.99214226  0.04919726 -0.11503598]
  [-0.12408512  0.5046211  -0.85437715]
  [ 0.01601657  0.861938    0.50676054]]

 [[ 0.9784996   0.19559018 -0.06544503]
  [-0.14823449  0.4462932  -0.8825242 ]
  [-0.14340538  0.8732507   0.46569094]]

 [[ 0.94470036 -0.22876668  0.2349617 ]
  [ 0.13155814 -0.3919255  -0.9105421 ]
  [ 0.30038917  0.8911006  -0.34015605]]

 [[ 0.99705374  0.01043373 -0.07599393]
  [-0.00446001  0.99691534  0.07835739]
  [ 0.07657707 -0.07778759  0.9940247 ]]

 [[ 0.9675231   0.10424908  0.23028508]
  [-0.09888435  0.99449205 -0.03474828]
  [-0.23263916  0.01084817  0.97250265]]

 [[ 0.9781672  -0.00166266 -0.20781276]
  [ 0.04847538  0.9742094   0.22037743]
  [ 0.20208672 -0.22563979  0.9530203 ]]

 [[ 0.99333876 -0.00656188 -0.11504368]
  [ 0.00276232  0.9994464  -0.03315553]
  [ 0.11519755  0.03261688  0.992807  ]]

 [[ 0.97517294 -0.22099163  0.01416116]
  [ 0.21522589  0.9608955   0.17423497]
  [-0.05211185 -0.16686136  0.9846024 ]]

 [[ 0.9936096   0.00727823  0.1126367 ]
  [-0.03445381  0.9698485   0.24126115]
  [-0.10748456 -0.24360014  0.9639016 ]]

 [[ 0.9908338   0.00589133  0.1349578 ]
  [-0.00233298  0.9996458  -0.02650936]
  [-0.13506618  0.02595152  0.99049664]]

 [[ 0.80664116 -0.02222728 -0.5906233 ]
  [ 0.08226874  0.9937873   0.07495837]
  [ 0.5852878  -0.10905435  0.80345833]]

 [[ 0.83643436  0.1263377   0.5333071 ]
  [-0.22984624  0.9642243   0.13206911]
  [-0.49754232 -0.23304574  0.8355486 ]]

 [[ 0.9955124   0.06382687  0.06986453]
  [-0.08662925  0.91179967  0.40139338]
  [-0.03808277 -0.40564445  0.91323715]]

 [[ 0.87006855  0.3569663  -0.3399349 ]
  [-0.18768479  0.87758005  0.44116625]
  [ 0.45580152 -0.32004428  0.8305519 ]]

 [[ 0.7663041  -0.5334003   0.35813713]
  [ 0.43980855  0.84186125  0.3127908 ]
  [-0.4683445  -0.0821811   0.87971574]]

 [[ 0.9132566  -0.17419586 -0.36826384]
  [ 0.25594112  0.9486323   0.18598655]
  [ 0.31694883 -0.2641073   0.9109286 ]]

 [[ 0.55763876  0.30697325  0.77123696]
  [-0.35062492  0.92926    -0.11635322]
  [-0.75239694 -0.20553182  0.62582386]]

 [[ 0.9710674  -0.23710606  0.02843943]
  [ 0.23420048  0.92228943 -0.30746096]
  [ 0.04667148  0.30522585  0.9511356 ]]

 [[ 0.9822535   0.18355475  0.03854374]
  [-0.17516206  0.971226   -0.16136372]
  [-0.06705377  0.1517487   0.9861419 ]]

 [[ 0.9907459   0.11609393 -0.07031848]
  [-0.09989027  0.97441506  0.20133837]
  [ 0.09189355 -0.19245104  0.9769944 ]]

 [[ 0.9859844  -0.1216027   0.11422574]
  [ 0.1105566   0.9889736   0.09853105]
  [-0.12494789 -0.08452167  0.9885565 ]]]
[ 0.4474109   0.5655871  -0.4618616  -0.56338644 -0.23440814 -0.00665673
  0.0993281  -0.01129717 -0.05784354  0.0804057 ]