[[[-0.8123796  -0.04228729 -0.58159363]
  [-0.17239365 -0.93536913  0.30881238]
  [-0.5570635   0.35113594  0.75258476]]]
[[[ 0.83463657 -0.52343404 -0.17145985]
  [ 0.33035845  0.22663918  0.9162411 ]
  [-0.44073233 -0.8213717   0.3620822 ]]

 [[ 0.80043244  0.58196706 -0.14360446]
  [-0.5272458   0.79752094  0.29321006]
  [ 0.28516617 -0.15898     0.94520134]]

 [[ 0.99561495  0.03544996  0.08656827]
  [ 0.03350715  0.72886604 -0.68383586]
  [-0.08733862  0.68373793  0.7244821 ]]

 [[ 0.93429136  0.3512708   0.06089719]
  [-0.10527234  0.43502605 -0.8942427 ]
  [-0.34061313  0.8290725   0.44342017]]

 [[ 0.94814837  0.12280741  0.29314333]
  [ 0.10984518  0.7388781  -0.66482574]
  [-0.2982427   0.66255385  0.6870762 ]]

 [[ 0.9917673   0.12804838 -0.00108203]
  [-0.12785435  0.98972374 -0.06403314]
  [-0.00712842  0.06364431  0.99794716]]

 [[ 0.93168306  0.3263229   0.15962434]
  [-0.3272961   0.9446904  -0.02091072]
  [-0.15761922 -0.03276227  0.9869563 ]]

 [[ 0.9609129  -0.14278214 -0.23719147]
  [ 0.18704921  0.96645594  0.17599851]
  [ 0.20410568 -0.2134857   0.95538723]]

 [[ 0.990621    0.1264133   0.05186367]
  [-0.12472308  0.99158674 -0.0346381 ]
  [-0.05580605  0.02784463  0.99805325]]

 [[ 0.87628055 -0.47576675  0.07601567]
  [ 0.46343142  0.87546444  0.13708894]
  [-0.13177137 -0.08490033  0.9876377 ]]

 [[ 0.9602222   0.24721895 -0.12983125]
  [-0.21498965  0.95122725  0.22123784]
  [ 0.17819321 -0.1845251   0.966539  ]]

 [[ 0.9949121   0.03974609 -0.09257575]
  [-0.05825046  0.9766691  -0.20669895]
  [ 0.08220039  0.21103984  0.9740151 ]]

 [[ 0.9707795   0.23236012 -0.05996506]
  [-0.22223215  0.9647839   0.14073013]
  [ 0.0905534  -0.12329179  0.9882303 ]]

 [[ 0.94537354  0.13270843  0.2977539 ]
  [-0.1687465   0.98070806  0.09867285]
  [-0.27891493 -0.14352763  0.9495295 ]]

 [[ 0.9874964   0.09186958  0.128105  ]
  [-0.09627557  0.994943    0.02862323]
  [-0.12482758 -0.04059872  0.99134743]]

 [[ 0.7998326   0.57758665 -0.16328342]
  [-0.5209091   0.8031148   0.28924114]
  [ 0.29819712 -0.14628868  0.94322747]]

 [[ 0.7988671  -0.29507998  0.52415556]
  [ 0.08980007  0.92014474  0.38114247]
  [-0.5947665  -0.25741303  0.7615716 ]]

 [[ 0.20219564 -0.36317322 -0.9095175 ]
  [ 0.63587236  0.7550032  -0.16011384]
  [ 0.74483776 -0.54596275  0.3835902 ]]

 [[ 0.26822567  0.24129885  0.93264675]
  [-0.4883149   0.8685875  -0.08428761]
  [-0.8304237  -0.43281716  0.35080728]]

 [[ 0.9830468  -0.18303488  0.01082433]
  [ 0.18331406  0.98235744 -0.03701112]
  [-0.00385904  0.03836792  0.99925625]]

 [[ 0.9792012   0.20285653 -0.00376854]
  [-0.20193928  0.97263974 -0.11485793]
  [-0.01963425  0.11323003  0.9933747 ]]

 [[ 0.9801351   0.18081594 -0.08149154]
  [-0.17036946  0.9779485   0.12079274]
  [ 0.10153579 -0.10450953  0.98932713]]

 [[ 0.9895997  -0.13617414  0.04635642]
  [ 0.12794368  0.9805205   0.14903009]
  [-0.06574746 -0.14154914  0.9877454 ]]]
[ 0.28446484  0.6459933  -0.12358505 -0.76671743 -0.16930223 -0.21267813
  0.14063868  0.12092271 -0.15135685  0.02002254]