[[[ 0.59816235  0.2111923  -0.77304554]
  [ 0.13171422 -0.9774397  -0.16511478]
  [-0.7904765  -0.00305565 -0.61248463]]]
[[[ 0.96827304 -0.10335924 -0.22751735]
  [ 0.24621472  0.5502605   0.79786694]
  [ 0.0427269  -0.8285712   0.55825096]]

 [[ 0.97518563  0.15484078  0.15823181]
  [-0.22042315  0.6123969   0.75919944]
  [ 0.02065434 -0.77523834  0.63133115]]

 [[ 0.99780077  0.05911822 -0.02997756]
  [-0.06018378  0.61850244 -0.7834747 ]
  [-0.02777643  0.7835558   0.6207002 ]]

 [[ 0.9935612  -0.04461989 -0.10414089]
  [-0.07383235  0.44220844 -0.8938684 ]
  [ 0.08593626  0.8958018   0.43606675]]

 [[ 0.98926854 -0.11521088  0.08985634]
  [ 0.12940918  0.40539938 -0.90493345]
  [ 0.06783047  0.90685046  0.4159582 ]]

 [[ 0.9932517  -0.11393426 -0.02168284]
  [ 0.11202434  0.99087214 -0.07498652]
  [ 0.03002845  0.07205147  0.99694884]]

 [[ 0.9935405   0.1087006   0.03257969]
  [-0.10793155  0.99385625 -0.0245064 ]
  [-0.03504339  0.02083172  0.9991687 ]]

 [[ 0.9912764  -0.11852796 -0.05763832]
  [ 0.11592785  0.99216634 -0.04654781]
  [ 0.06270402  0.03945986  0.99725175]]

 [[ 0.99560636 -0.08949285 -0.02754791]
  [ 0.08789184  0.994628   -0.05468309]
  [ 0.03229366  0.0520216   0.99812365]]

 [[ 0.95252895 -0.2455513   0.17998104]
  [ 0.19953944  0.9500212   0.24009112]
  [-0.22994049 -0.19278042  0.9539199 ]]

 [[ 0.97507936  0.20568636 -0.08314666]
  [-0.18349417  0.9583473   0.21886136]
  [ 0.12470017 -0.19815026  0.97220695]]

 [[ 0.9966287  -0.00425929 -0.08193392]
  [-0.00644177  0.9915063  -0.12989935]
  [ 0.08179127  0.1299892   0.9881362 ]]

 [[ 0.9278814   0.17583267 -0.3288144 ]
  [-0.1701547   0.9843333   0.04621015]
  [ 0.33178818  0.01307178  0.9432633 ]]

 [[ 0.8833158  -0.38689378  0.26470044]
  [ 0.38203472  0.92135364  0.07181204]
  [-0.27166632  0.03769203  0.96165305]]

 [[ 0.9769991  -0.08217882 -0.19677272]
  [ 0.07029385  0.9952971  -0.06665216]
  [ 0.20132472  0.05128718  0.978181  ]]

 [[ 0.51682174  0.7448436  -0.42202273]
  [-0.71612066  0.6462694   0.2636418 ]
  [ 0.4691123   0.16596338  0.867404  ]]

 [[ 0.5377653  -0.7548051   0.37560326]
  [ 0.78728086  0.6089786   0.09661212]
  [-0.30165768  0.2437506   0.9217312 ]]

 [[-0.23548636 -0.38855767 -0.890825  ]
  [ 0.34869853  0.8217945  -0.45062533]
  [ 0.907169   -0.41674545 -0.0580319 ]]

 [[-0.40192485  0.4687789   0.7865767 ]
  [-0.31622058  0.73510617 -0.5996862 ]
  [-0.8593375  -0.4897605  -0.1472199 ]]

 [[ 0.9240531  -0.38144907 -0.02494966]
  [ 0.38197538  0.9239227   0.02148846]
  [ 0.0148548  -0.02938664  0.9994578 ]]

 [[ 0.9140769   0.4006935   0.06251395]
  [-0.40097365  0.9160498  -0.00854807]
  [-0.06069104 -0.01725285  0.9980075 ]]

 [[ 0.96073824  0.2578691  -0.10239893]
  [-0.24069367  0.95818913  0.15472579]
  [ 0.13801655 -0.12400421  0.9826364 ]]

 [[ 0.95941687 -0.2671911   0.0901573 ]
  [ 0.2503446   0.9541983   0.16380821]
  [-0.12979604 -0.13458994  0.9823638 ]]]
[ 0.45037568  0.65942085 -0.20498565 -0.5320549  -0.19476175 -0.10227021
 -0.01143053  0.13400382  0.01154284 -0.0103215 ]