[[[ 0.67514694  0.19010638 -0.7127666 ]
  [ 0.14686596 -0.9815201  -0.12267289]
  [-0.7229157  -0.02185894 -0.69059044]]]
[[[ 9.72722471e-01 -1.09400682e-01 -2.04554468e-01]
  [ 2.31777593e-01  4.94462490e-01  8.37726712e-01]
  [ 9.49663483e-03 -8.62286687e-01  5.06331384e-01]]

 [[ 9.69901860e-01  2.05354139e-01  1.30843922e-01]
  [-2.29179412e-01  5.88337064e-01  7.75458813e-01]
  [ 8.22633505e-02 -7.82105565e-01  6.17692173e-01]]

 [[ 9.96147573e-01  8.09044093e-02 -3.38315740e-02]
  [-7.42725432e-02  5.73270023e-01 -8.15993428e-01]
  [-4.66228351e-02  8.15362513e-01  5.77070534e-01]]

 [[ 9.97090101e-01  7.40280608e-04 -7.62284696e-02]
  [-6.72726706e-02  4.78887081e-01 -8.75295103e-01]
  [ 3.58568691e-02  8.77876163e-01  4.77543354e-01]]

 [[ 9.81831431e-01 -1.80451691e-01  5.86871952e-02]
  [ 1.27931237e-01  4.01068300e-01 -9.07070994e-01]
  [ 1.40144929e-01  8.98098767e-01  4.16866869e-01]]

 [[ 9.94170070e-01 -1.05441153e-01 -2.25403458e-02]
  [ 1.04152240e-01  9.93187726e-01 -5.22540212e-02]
  [ 2.78965179e-02  4.96017560e-02  9.98379469e-01]]

 [[ 9.93721068e-01  9.38417912e-02  6.09274805e-02]
  [-9.20024067e-02  9.95233834e-01 -3.23297232e-02]
  [-6.36709705e-02  2.65212525e-02  9.97618496e-01]]

 [[ 9.87120807e-01 -1.21834569e-01 -1.03676721e-01]
  [ 1.17982939e-01  9.92104471e-01 -4.25285585e-02]
  [ 1.08039595e-01  2.97487434e-02  9.93701339e-01]]

 [[ 9.95585263e-01 -9.11524072e-02 -2.23889761e-02]
  [ 8.98834616e-02  9.94576991e-01 -5.23219220e-02]
  [ 2.70368308e-02  5.00785336e-02  9.98379290e-01]]

 [[ 9.61098433e-01 -2.22175255e-01  1.64097488e-01]
  [ 1.90529838e-01  9.63417172e-01  1.88482702e-01]
  [-1.99970528e-01 -1.49884969e-01  9.68269765e-01]]

 [[ 9.76651549e-01  2.04505235e-01 -6.57975674e-02]
  [-1.89665645e-01  9.64650154e-01  1.82966992e-01]
  [ 1.00889355e-01 -1.66215464e-01  9.80914712e-01]]

 [[ 9.99336720e-01 -2.94648716e-03 -3.62958796e-02]
  [-1.35556259e-03  9.93020296e-01 -1.17935859e-01]
  [ 3.63900401e-02  1.17906846e-01  9.92357671e-01]]

 [[ 8.94315839e-01  1.54544175e-01 -4.19899195e-01]
  [-1.34301737e-01  9.87900794e-01  7.75570646e-02]
  [ 4.26804721e-01 -1.29673220e-02  9.04250860e-01]]

 [[ 8.80822241e-01 -3.67686391e-01  2.98259676e-01]
  [ 3.55111122e-01  9.29732680e-01  9.74328965e-02]
  [-3.13126564e-01  2.00942662e-02  9.49498773e-01]]

 [[ 9.85818386e-01 -7.21733123e-02 -1.51502475e-01]
  [ 6.93832412e-02  9.97310162e-01 -2.36291215e-02]
  [ 1.52800351e-01  1.27822878e-02  9.88174319e-01]]

 [[ 5.38134515e-01  6.89687669e-01 -4.84501839e-01]
  [-6.30859077e-01  7.10790634e-01  3.11116338e-01]
  [ 5.58952510e-01  1.38229966e-01  8.17596674e-01]]

 [[ 6.04007959e-01 -7.18832314e-01  3.44172180e-01]
  [ 7.25014389e-01  6.74918890e-01  1.37254030e-01]
  [-3.30950916e-01  1.66627243e-01  9.28820133e-01]]

 [[-6.59488067e-02 -3.85214329e-01 -9.20467675e-01]
  [ 3.59430164e-01  8.51378679e-01 -3.82052809e-01]
  [ 9.30838704e-01 -3.56039792e-01  8.23102444e-02]]

 [[-2.66879320e-01  4.67345357e-01  8.42830718e-01]
  [-4.19780135e-01  7.30855405e-01 -5.38177431e-01]
  [-8.67502213e-01 -4.97432023e-01  1.13210198e-03]]

 [[ 9.34196532e-01 -3.56611460e-01 -1.02537237e-02]
  [ 3.56262356e-01  9.34026778e-01 -2.59045549e-02]
  [ 1.88151151e-02  2.05469280e-02  9.99611795e-01]]

 [[ 9.19863820e-01  3.88789266e-01  5.18986322e-02]
  [-3.87967795e-01  9.21320856e-01 -2.54746098e-02]
  [-5.77195399e-02  3.29817459e-03  9.98327434e-01]]

 [[ 9.67840672e-01  2.27443486e-01 -1.07489221e-01]
  [-2.09895760e-01  9.65627909e-01  1.53318763e-01]
  [ 1.38665929e-01 -1.25826597e-01  9.82313395e-01]]

 [[ 9.64850366e-01 -2.46079594e-01  9.22426432e-02]
  [ 2.29058266e-01  9.59525764e-01  1.63837016e-01]
  [-1.28826141e-01 -1.36949241e-01  9.82165337e-01]]]
[ 0.4969505   0.60611844 -0.19909625 -0.5404029  -0.15068877 -0.11606952
 -0.01762435  0.10301784 -0.00838201 -0.03506863]