[[[ 0.5665496   0.2100039  -0.79681855]
  [ 0.12875806 -0.9776637  -0.16611733]
  [-0.81390595 -0.00848311 -0.58093464]]]
[[[ 0.9667704  -0.11227693 -0.22967097]
  [ 0.25314575  0.5457816   0.7987739 ]
  [ 0.0356663  -0.83037126  0.55606794]]

 [[ 0.97250944  0.15656522  0.17237398]
  [-0.23265512  0.62196267  0.7476859 ]
  [ 0.00985142 -0.7672352   0.64129025]]

 [[ 0.9985392   0.04574015 -0.02876158]
  [-0.05087094  0.61648166 -0.7857242 ]
  [-0.01820815  0.7860396   0.61790794]]

 [[ 0.99371904 -0.04024191 -0.10441702]
  [-0.07813337  0.4184755  -0.904861  ]
  [ 0.08010932  0.9073361   0.41270286]]

 [[ 0.99075264 -0.08006723  0.10953764]
  [ 0.13353182  0.43228415 -0.89179575]
  [ 0.02405224  0.8981757   0.4389782 ]]

 [[ 0.9928033  -0.11765425 -0.02233938]
  [ 0.11570553  0.9904912  -0.07442748]
  [ 0.03088367  0.07130706  0.99697614]]

 [[ 0.9917423   0.12424428  0.03179054]
  [-0.12336915  0.99196124 -0.028158  ]
  [-0.03503346  0.02400351  0.9990978 ]]

 [[ 0.99071705 -0.12471707 -0.05408676]
  [ 0.12168228  0.9909774  -0.05618899]
  [ 0.06060648  0.04908599  0.9969541 ]]

 [[ 0.9953673  -0.09158863 -0.02924903]
  [ 0.09006576  0.9946941  -0.04971654]
  [ 0.03364731  0.04685188  0.998335  ]]

 [[ 0.95043623 -0.2559647   0.17650208]
  [ 0.2106096   0.94761604  0.24014032]
  [-0.22872366 -0.19106503  0.95455724]]

 [[ 0.97465026  0.20909227 -0.07960597]
  [-0.18754922  0.9575598   0.21887095]
  [ 0.1219917  -0.19839263  0.97250104]]

 [[ 0.9973965   0.00818633 -0.07164569]
  [-0.01849434  0.9893436  -0.14442046]
  [ 0.06969993  0.1453695   0.9869193 ]]

 [[ 0.9375596   0.14735271 -0.31506988]
  [-0.14229566  0.98905045  0.03912977]
  [ 0.31738588  0.00814658  0.9482614 ]]

 [[ 0.8908075  -0.35801587  0.2797977 ]
  [ 0.35197252  0.93312854  0.07339253]
  [-0.28736293  0.0331025   0.95724964]]

 [[ 0.9800619  -0.06471409 -0.18785831]
  [ 0.06316664  0.99790174 -0.01421846]
  [ 0.18838426  0.00206859  0.9820932 ]]

 [[ 0.5110152   0.76731    -0.387426  ]
  [-0.7421932   0.6212362   0.25142553]
  [ 0.43360436  0.1590627   0.8869534 ]]

 [[ 0.53304493 -0.75066435  0.39034116]
  [ 0.78701246  0.6092711   0.09695405]
  [-0.31060356  0.2555225   0.9155511 ]]

 [[-0.27012414 -0.39720115 -0.87707716]
  [ 0.3366644   0.81447315 -0.4725364 ]
  [ 0.90204775 -0.42292407 -0.08628536]]

 [[-0.4158408   0.47743922  0.77403367]
  [-0.2906594   0.73670053 -0.6105648 ]
  [-0.8617386  -0.47887796 -0.16757794]]

 [[ 0.9270529  -0.37382367 -0.02878671]
  [ 0.374737    0.9263056   0.03911639]
  [ 0.01204266 -0.04705041  0.9988199 ]]

 [[ 0.9127091   0.40389812  0.06187377]
  [-0.40455842  0.91450995 -0.00201542]
  [-0.0573982  -0.02319206  0.998082  ]]

 [[ 0.96306694  0.25088876 -0.0977595 ]
  [-0.23427518  0.9597214   0.15508085]
  [ 0.13272992 -0.12645061  0.98305297]]

 [[ 0.9616126  -0.26363012  0.07616033]
  [ 0.24863604  0.95449495  0.16467984]
  [-0.11610922 -0.139422    0.9834023 ]]]
[ 4.11219597e-01  6.21958017e-01 -2.26720393e-01 -5.66740155e-01
 -1.94055676e-01 -6.60442337e-02  7.11381435e-05  1.18253365e-01
 -1.27841532e-03 -2.05845833e-02]