[[[-0.7651747  -0.04588278 -0.6421857 ]
  [-0.23376161 -0.909588    0.34351885]
  [-0.599886    0.4129703   0.68526804]]]
[[[ 0.88124365 -0.44757318 -0.15194717]
  [ 0.27549908  0.22516586  0.93455905]
  [-0.38407025 -0.8654355   0.32173198]]

 [[ 0.8769442   0.46504036 -0.12126981]
  [-0.4030236   0.8490651   0.3415557 ]
  [ 0.26180318 -0.2506507   0.932005  ]]

 [[ 0.9957491   0.06841045  0.06167457]
  [-0.00316483  0.69461167 -0.7193779 ]
  [-0.09205285  0.7161247   0.69187546]]

 [[ 0.9378      0.344149    0.04574419]
  [-0.1142707   0.43039897 -0.89537627]
  [-0.3278311   0.8344568   0.4429543 ]]

 [[ 0.97617185  0.0395658   0.21336105]
  [ 0.17576091  0.4324861  -0.8843437 ]
  [-0.12726545  0.9007721   0.41522664]]

 [[ 0.9898711   0.14192496  0.00352795]
  [-0.14169836  0.98921365 -0.03712158]
  [-0.00875838  0.03624568  0.99930453]]

 [[ 0.946194    0.26168668  0.19036008]
  [-0.26441565  0.96434164 -0.01138284]
  [-0.1865509  -0.03956382  0.9816483 ]]

 [[ 0.9671814  -0.05201948 -0.24870512]
  [ 0.11723202  0.9597672   0.2551538 ]
  [ 0.22542608 -0.27593622  0.93436736]]

 [[ 0.9911663   0.12410235  0.04677547]
  [-0.12017618  0.98960096 -0.07904186]
  [-0.05609833  0.07272234  0.99577326]]

 [[ 0.9049022  -0.4226479   0.05020674]
  [ 0.41237408  0.8998194   0.14238231]
  [-0.10535458 -0.10813811  0.9885376 ]]

 [[ 0.98454505  0.15086079 -0.08894983]
  [-0.12912844  0.9684334   0.21321961]
  [ 0.11830846 -0.19843836  0.9729467 ]]

 [[ 0.99650085  0.03482212 -0.0759836 ]
  [-0.0527074   0.9673453  -0.2479213 ]
  [ 0.06486923  0.25105867  0.9657958 ]]

 [[ 0.9710411   0.19558619 -0.1372053 ]
  [-0.16808687  0.9674001   0.18943027]
  [ 0.16978237 -0.16088215  0.9722607 ]]

 [[ 0.9321233   0.19657719  0.3041441 ]
  [-0.23629802  0.9665763   0.09946598]
  [-0.27442575 -0.16458319  0.94741905]]

 [[ 0.9921884   0.0647683   0.10661758]
  [-0.06704455  0.9975894   0.01790191]
  [-0.10520108 -0.0249102   0.994139  ]]

 [[ 0.8253069   0.49932036 -0.26371902]
  [-0.385985    0.8397147   0.3819618 ]
  [ 0.41217005 -0.21344411  0.8857525 ]]

 [[ 0.87394726 -0.20093766  0.44253838]
  [ 0.002832    0.9126238   0.40879044]
  [-0.48601252 -0.356008    0.7981542 ]]

 [[ 0.3223122  -0.33133942 -0.8867519 ]
  [ 0.6632799   0.7473967  -0.03818292]
  [ 0.67540693 -0.5758579   0.46066585]]

 [[ 0.629841    0.22007152  0.7448951 ]
  [-0.47257236  0.86967105  0.14264512]
  [-0.6164216  -0.44186065  0.6517542 ]]

 [[ 0.9816736  -0.18938537  0.0212171 ]
  [ 0.19051062  0.9780486  -0.08441947]
  [-0.00476354  0.08691444  0.99620444]]

 [[ 0.98957187  0.14370544  0.00980807]
  [-0.14158748  0.9829781  -0.1170771 ]
  [-0.02646573  0.11446751  0.99307436]]

 [[ 0.98081654  0.18066561 -0.07320382]
  [-0.17053883  0.9771725   0.12668993]
  [ 0.09442127 -0.11177549  0.9892374 ]]

 [[ 0.98983836 -0.1276608   0.06263157]
  [ 0.11764102  0.98261446  0.14362946]
  [-0.07987853 -0.13480191  0.98764765]]]
[ 0.36566448  0.71946216 -0.138402   -0.7654561  -0.19183606 -0.26347345
  0.13227215  0.14638804 -0.16798982  0.05270678]