[[[ 0.7427003  -0.07776832 -0.6650927 ]
  [ 0.26813096 -0.87559265  0.4018001 ]
  [-0.6135976  -0.47674903 -0.6294508 ]]]
[[[ 9.20475423e-01 -3.18156928e-01 -2.26938859e-01]
  [ 3.77192110e-01  5.71370423e-01  7.28877187e-01]
  [-1.02231175e-01 -7.56513000e-01  6.45938694e-01]]

 [[ 9.37710762e-01  2.34395325e-01  2.56432146e-01]
  [-3.35490704e-01  4.19199944e-01  8.43633533e-01]
  [ 9.02474076e-02 -8.77114773e-01  4.71725762e-01]]

 [[ 9.96042669e-01  1.64129194e-02 -8.73485953e-02]
  [-7.89503902e-02  6.14742815e-01 -7.84766376e-01]
  [ 4.08166163e-02  7.88556874e-01  6.13605857e-01]]

 [[ 9.67289150e-01 -1.72578916e-01 -1.85925081e-01]
  [-1.96908768e-02  6.79631650e-01 -7.33289242e-01]
  [ 2.52910823e-01  7.12963820e-01  6.54002070e-01]]

 [[ 9.80932653e-01  4.33282368e-02  1.89456493e-01]
  [ 6.06834218e-02  8.57808650e-01 -5.10374069e-01]
  [-1.84631050e-01  5.12139499e-01  8.38823199e-01]]

 [[ 9.91793752e-01 -1.11105092e-01 -6.32529706e-02]
  [ 1.12685516e-01  9.93387520e-01  2.19808966e-02]
  [ 6.03925250e-02 -2.89282054e-02  9.97755468e-01]]

 [[ 9.62153971e-01  2.67705530e-01  5.09260260e-02]
  [-2.68441141e-01  9.63262200e-01  8.07148218e-03]
  [-4.68943417e-02 -2.14366484e-02  9.98669744e-01]]

 [[ 9.55490708e-01 -2.95020163e-01  7.88674108e-04]
  [ 2.92906731e-01  9.48319614e-01 -1.22047119e-01]
  [ 3.52584459e-02  1.16845898e-01  9.92523968e-01]]

 [[ 9.92854059e-01 -8.48997459e-02 -8.38624015e-02]
  [ 8.53456408e-02  9.96349871e-01  1.73988275e-03]
  [ 8.34085792e-02 -8.88474006e-03  9.96475816e-01]]

 [[ 9.31379616e-01 -3.46688539e-01  1.11081623e-01]
  [ 3.27439755e-01  9.31123972e-01  1.60596728e-01]
  [-1.59107819e-01 -1.13203980e-01  9.80749488e-01]]

 [[ 9.11327064e-01  4.08396512e-01 -5.19163087e-02]
  [-3.97214681e-01  9.05417800e-01  1.49797514e-01]
  [ 1.08182713e-01 -1.15892611e-01  9.87352848e-01]]

 [[ 9.89092827e-01 -1.47228599e-01 -4.37439140e-03]
  [ 1.45410597e-01  9.71284211e-01  1.88315555e-01]
  [-2.34766584e-02 -1.86897650e-01  9.82098818e-01]]

 [[ 8.36257696e-01  8.25193971e-02 -5.42091906e-01]
  [-6.31085411e-02  9.96526122e-01  5.43408133e-02]
  [ 5.44692993e-01 -1.12322727e-02  8.38560343e-01]]

 [[ 8.67741585e-01 -3.39556426e-01  3.62940788e-01]
  [ 2.95445055e-01  9.39618707e-01  1.72710329e-01]
  [-3.99670869e-01 -4.26388606e-02  9.15666461e-01]]

 [[ 9.90577042e-01 -7.24131018e-02 -1.16247222e-01]
  [ 8.76576602e-02  9.87380326e-01  1.31894812e-01]
  [ 1.05229311e-01 -1.40841931e-01  9.84423816e-01]]

 [[ 7.29115248e-01  4.92436111e-01 -4.75286901e-01]
  [-3.94301027e-01  8.69875491e-01  2.96383649e-01]
  [ 5.59390485e-01 -2.86917090e-02  8.28407526e-01]]

 [[ 5.90131402e-01 -6.85933948e-01  4.25722361e-01]
  [ 7.05858827e-01  6.94326818e-01  1.40262395e-01]
  [-3.91801208e-01  2.17726678e-01  8.93916607e-01]]

 [[ 4.68520164e-01 -1.56237021e-01 -8.69527817e-01]
  [ 3.86330754e-01  9.21375513e-01  4.26102653e-02]
  [ 7.94504404e-01 -3.55889201e-01  4.92042184e-01]]

 [[-8.98208022e-02  3.75755459e-01  9.22355711e-01]
  [-4.45466965e-01  8.13142717e-01 -3.74643981e-01]
  [-8.90781403e-01 -4.44529772e-01  9.43495184e-02]]

 [[ 9.51192021e-01 -3.05507332e-01 -4.35781702e-02]
  [ 3.01599383e-01  9.50206637e-01 -7.83918425e-02]
  [ 6.53575435e-02  6.14225417e-02  9.95969772e-01]]

 [[ 9.40889001e-01  3.14229280e-01  1.26443237e-01]
  [-3.23105156e-01  9.44665253e-01  5.66625856e-02]
  [-1.01641476e-01 -9.41676572e-02  9.90354240e-01]]

 [[ 9.78909135e-01  1.83964476e-01 -8.88484940e-02]
  [-1.64739266e-01  9.68010545e-01  1.89252481e-01]
  [ 1.20822020e-01 -1.70624137e-01  9.77900565e-01]]

 [[ 9.70156372e-01 -2.20312893e-01  1.01285830e-01]
  [ 2.02036723e-01  9.65420604e-01  1.64755210e-01]
  [-1.34081125e-01 -1.39374867e-01  9.81120229e-01]]]
[ 2.6087391e-01  7.0395905e-01 -2.8256658e-01 -5.0938034e-01
 -1.2085271e-01 -1.5859780e-01 -3.7485063e-02  2.2152059e-01
 -4.8956156e-02  9.0509653e-05]