[[[-0.9953968  -0.09566099  0.0058376 ]
  [ 0.09472767 -0.97277933  0.21148731]
  [-0.01455239  0.2110668   0.97736317]]]
[[[ 7.0923960e-01 -6.4710075e-01 -2.7971345e-01]
  [ 5.4894358e-01  2.5799221e-01  7.9504770e-01]
  [-4.4231218e-01 -7.1742630e-01  5.3820008e-01]]

 [[ 7.7244204e-01  6.3485217e-01 -1.7206799e-02]
  [-5.3362244e-01  6.6348714e-01  5.2443492e-01]
  [ 3.4435514e-01 -3.9591363e-01  8.5127676e-01]]

 [[ 9.9824053e-01  5.7751212e-02  1.3437846e-02]
  [-3.5675477e-02  7.6600492e-01 -6.4184397e-01]
  [-4.7360722e-02  6.4023530e-01  7.6671743e-01]]

 [[ 9.9116379e-01  1.1870771e-01 -5.9185091e-02]
  [-1.1070182e-01  4.9449122e-01 -8.6210424e-01]
  [-7.3071912e-02  8.6103833e-01  5.0326294e-01]]

 [[ 9.5887852e-01  7.2857462e-02  2.7430597e-01]
  [ 2.9184714e-02  9.3605471e-01 -3.5064188e-01]
  [-2.8231230e-01  3.4422851e-01  8.9543641e-01]]

 [[ 9.9970746e-01 -4.5736684e-03 -2.3750994e-02]
  [ 2.0388151e-03  9.9439889e-01 -1.0567287e-01]
  [ 2.4101274e-02  1.0559353e-01  9.9411732e-01]]

 [[ 9.3813318e-01  3.4228492e-01  5.2413840e-02]
  [-3.4457996e-01  9.3774265e-01  4.3627571e-02]
  [-3.4217633e-02 -5.8989227e-02  9.9767202e-01]]

 [[ 9.5029545e-01 -3.0945420e-01 -3.4303457e-02]
  [ 3.1030223e-01  9.5036238e-01  2.2888193e-02]
  [ 2.5517868e-02 -3.2394983e-02  9.9914938e-01]]

 [[ 9.9962550e-01  6.0522831e-03 -2.6688093e-02]
  [-4.8915064e-03  9.9904811e-01  4.3346994e-02]
  [ 2.6925037e-02 -4.3200213e-02  9.9870360e-01]]

 [[ 8.6547655e-01 -4.3458349e-01  2.4917370e-01]
  [ 4.0919214e-01  9.0023178e-01  1.4881033e-01]
  [-2.8898460e-01 -2.6831916e-02  9.5695764e-01]]

 [[ 8.9318836e-01  3.9504868e-01 -2.1482818e-01]
  [-3.5541391e-01  9.1285276e-01  2.0094988e-01]
  [ 2.7549145e-01 -1.0313317e-01  9.5575529e-01]]

 [[ 9.8357064e-01 -1.6115405e-01 -8.1352480e-02]
  [ 1.6405597e-01  9.8598546e-01  3.0301038e-02]
  [ 7.5329237e-02 -4.3149568e-02  9.9622464e-01]]

 [[ 8.9897686e-01  2.1051848e-01 -3.8408661e-01]
  [-1.9683862e-01  9.7755629e-01  7.5088084e-02]
  [ 3.9127374e-01  8.1006186e-03  9.2023867e-01]]

 [[ 8.9758265e-01 -1.4895903e-01  4.1491771e-01]
  [ 1.1599207e-01  9.8782051e-01  1.0371288e-01]
  [-4.2531323e-01 -4.4963699e-02  9.0392864e-01]]

 [[ 9.9377561e-01 -1.1139809e-01  6.2762800e-04]
  [ 1.1022763e-01  9.8411822e-01  1.3914445e-01]
  [-1.6118083e-02 -1.3820919e-01  9.9027181e-01]]

 [[ 5.7182097e-01  7.3610926e-01 -3.6216569e-01]
  [-6.5945834e-01  6.7503810e-01  3.3081460e-01]
  [ 4.8799130e-01  4.9666449e-02  8.7143433e-01]]

 [[ 4.6536049e-01 -7.0713454e-01  5.3235358e-01]
  [ 6.6313905e-01  6.7690200e-01  3.1945318e-01]
  [-5.8624756e-01  2.0436357e-01  7.8393197e-01]]

 [[ 6.1296368e-01 -2.6451951e-01 -7.4451655e-01]
  [ 4.7646588e-01  8.7543112e-01  8.1244223e-02]
  [ 6.3028228e-01 -4.0453652e-01  6.6264200e-01]]

 [[ 2.9601753e-01  2.6442832e-01  9.1785157e-01]
  [-3.9349216e-01  9.0935093e-01 -1.3507368e-01]
  [-8.7036639e-01 -3.2118317e-01  3.7323427e-01]]

 [[ 9.7868657e-01 -1.9459933e-01  6.5603249e-02]
  [ 1.8456092e-01  9.7356540e-01  1.3456485e-01]
  [-9.0055279e-02 -1.1958900e-01  9.8873079e-01]]

 [[ 9.7048408e-01  2.3607615e-01 -4.9281634e-02]
  [-2.2637211e-01  9.6220005e-01  1.5141533e-01]
  [ 8.3164357e-02 -1.3579020e-01  9.8724085e-01]]

 [[ 9.8785478e-01  1.3884985e-01 -6.9739401e-02]
  [-1.2602893e-01  9.7853500e-01  1.6305219e-01]
  [ 9.0882212e-02 -1.5228270e-01  9.8414958e-01]]

 [[ 9.8913997e-01 -1.3916880e-01  4.7268055e-02]
  [ 1.2749800e-01  9.7245848e-01  1.9511203e-01]
  [-7.3119745e-02 -1.8696651e-01  9.7964132e-01]]]
[ 0.08994035  0.57803565 -0.01231113 -0.5464418  -0.10731578 -0.08908122
  0.12233904 -0.02563208 -0.03190835 -0.11307505]