[[[-0.962764   -0.13180941 -0.23603323]
  [ 0.06928515 -0.9642302   0.25585106]
  [-0.26131392  0.2299706   0.9374586 ]]]
[[[ 0.8070236  -0.578453   -0.11876448]
  [ 0.46009067  0.4898537   0.74051327]
  [-0.37017488 -0.6522541   0.66146433]]

 [[ 0.80060667  0.5991681  -0.00514546]
  [-0.5313812   0.7139457   0.4559775 ]
  [ 0.2768808  -0.36232445  0.8899763 ]]

 [[ 0.999333    0.01758762  0.03200562]
  [ 0.00496553  0.80281746 -0.59620434]
  [-0.03618049  0.5959655   0.80219465]]

 [[ 0.99310493  0.11692677 -0.00840447]
  [-0.09672043  0.7767525  -0.62233484]
  [-0.0662394   0.6188567   0.7827059 ]]

 [[ 0.95107555  0.11310372  0.28751156]
  [ 0.03744035  0.88153285 -0.47063586]
  [-0.3066815   0.45837477  0.8341697 ]]

 [[ 0.99885875  0.04221117  0.02234541]
  [-0.03979885  0.99427414 -0.0991714 ]
  [-0.0264036   0.09816891  0.9948194 ]]

 [[ 0.94238067  0.33009002  0.0544005 ]
  [-0.32942033  0.94394743 -0.02110856]
  [-0.05831894  0.00197167  0.9982962 ]]

 [[ 0.9627664  -0.26830173 -0.03309142]
  [ 0.2685613   0.9632559   0.00358258]
  [ 0.0309143  -0.01233627  0.99944586]]

 [[ 0.99753374  0.06460529  0.02743142]
  [-0.06559986  0.9971579   0.03705317]
  [-0.02495962 -0.03876129  0.9989367 ]]

 [[ 0.87854403 -0.4292226   0.20959096]
  [ 0.4168815   0.9031955   0.1022142 ]
  [-0.23317423 -0.00242509  0.97243196]]

 [[ 0.9251431   0.3225431  -0.20018998]
  [-0.28918457  0.94042903  0.17878906]
  [ 0.24593166 -0.10751364  0.96330595]]

 [[ 0.9906768  -0.11136115 -0.07847328]
  [ 0.11068559  0.9937715  -0.01292009]
  [ 0.07942331  0.00411377  0.99683243]]

 [[ 0.9081948   0.17946799 -0.37811843]
  [-0.15207197  0.9831561   0.10138119]
  [ 0.38994414 -0.03457265  0.92018926]]

 [[ 0.84369564  0.03202778  0.5358655 ]
  [-0.09384158  0.9916476   0.08848013]
  [-0.5285559  -0.12493677  0.83965427]]

 [[ 0.9970741  -0.03900698  0.06573907]
  [ 0.02752728  0.9855279   0.16726315]
  [-0.07131213 -0.16496414  0.9837181 ]]

 [[ 0.5722834   0.72009975 -0.39236206]
  [-0.6735107   0.68568504  0.27607852]
  [ 0.46784094  0.10626487  0.877401  ]]

 [[ 0.49862224 -0.6298635   0.5955231 ]
  [ 0.4956812   0.77079594  0.40021712]
  [-0.711109    0.09563246  0.6965475 ]]

 [[ 0.5173865  -0.25528732 -0.81678617]
  [ 0.40552446  0.9136341  -0.02868108]
  [ 0.7535656  -0.3163876   0.5762272 ]]

 [[ 0.6052648   0.15258022  0.7812644 ]
  [-0.29134348  0.95582163  0.03903987]
  [-0.74079263 -0.25124568  0.62297845]]

 [[ 0.97694784 -0.21120171  0.03109105]
  [ 0.20157665  0.96059656  0.19136602]
  [-0.07028279 -0.1806874   0.98102605]]

 [[ 0.9695412   0.24020286 -0.04787908]
  [-0.23410672  0.96629     0.1071342 ]
  [ 0.07199901 -0.09266222  0.99309105]]

 [[ 0.98528683  0.15098026 -0.0800937 ]
  [-0.13798161  0.9792384   0.1485037 ]
  [ 0.10085195 -0.13526727  0.9856632 ]]

 [[ 0.99149597 -0.12410154  0.03917257]
  [ 0.11487341  0.9760624   0.18467836]
  [-0.06115375 -0.17860797  0.98201793]]]
[ 0.13813865  0.515819   -0.04933649 -0.5527581  -0.11610132 -0.06152128
  0.08402929 -0.00772843 -0.00925787 -0.05680257]