[[[-0.8743997  -0.17981315 -0.45065773]
  [ 0.10294862 -0.9764032   0.18983784]
  [-0.474159    0.11959956  0.87227815]]]
[[[ 0.82448775 -0.5435292  -0.15746735]
  [ 0.40268704  0.36803734  0.8380881 ]
  [-0.39757147 -0.7544035   0.5223144 ]]

 [[ 0.9048056   0.37651247  0.19890998]
  [-0.38092262  0.5068802   0.77328545]
  [ 0.19032809 -0.77544236  0.6020502 ]]

 [[ 0.99780893  0.05223089 -0.04061065]
  [-0.06409338  0.6108452  -0.78915155]
  [-0.01641127  0.79002535  0.6128545 ]]

 [[ 0.98931366  0.14225042 -0.03199053]
  [-0.11663226  0.64043105 -0.759108  ]
  [-0.08749574  0.754727    0.6501782 ]]

 [[ 0.97641206  0.02329883  0.21465482]
  [ 0.2155962  -0.05115553 -0.9751418 ]
  [-0.01173889  0.9984189  -0.05497202]]

 [[ 0.9992697   0.03398472 -0.01746496]
  [-0.03456739  0.9988163  -0.03422074]
  [ 0.0162813   0.03479947  0.9992617 ]]

 [[ 0.93325484  0.32098714  0.16125333]
  [-0.3155546   0.9470745  -0.0589501 ]
  [-0.17164116  0.00413123  0.9851508 ]]

 [[ 0.9911812  -0.11150028 -0.07160662]
  [ 0.12314002  0.9746337   0.18688421]
  [ 0.04895258 -0.19405375  0.97976875]]

 [[ 0.99812466  0.0406229  -0.04579213]
  [-0.03989231  0.99906343  0.01675745]
  [ 0.04642998 -0.01489927  0.9988104 ]]

 [[ 0.87860966 -0.46959558  0.08674672]
  [ 0.4561697   0.87906075  0.1384251 ]
  [-0.14125945 -0.08205042  0.98656654]]

 [[ 0.9802213   0.1273205  -0.15151145]
  [-0.09809489  0.97749114  0.18678442]
  [ 0.17188258 -0.16822757  0.9706471 ]]

 [[ 0.994178   -0.10036457  0.03920507]
  [ 0.09478003  0.98763597  0.12486763]
  [-0.05125263 -0.1204248   0.9913985 ]]

 [[ 0.84983104  0.06040357 -0.5235825 ]
  [-0.01728464  0.9960708   0.08685776]
  [ 0.5267717  -0.06476448  0.84753597]]

 [[ 0.7755115   0.03046158  0.6305981 ]
  [-0.12534541  0.9863802   0.10650227]
  [-0.6187652  -0.16163634  0.7687674 ]]

 [[ 0.9988345   0.00964366  0.0472936 ]
  [-0.02189514  0.963751    0.26590335]
  [-0.04301497 -0.26662892  0.9628389 ]]

 [[ 0.8361715   0.40968433 -0.36465883]
  [-0.34069803  0.90901697  0.24002723]
  [ 0.42981645 -0.07646538  0.89967275]]

 [[ 0.64031273 -0.5188211   0.5664135 ]
  [ 0.40091553  0.8547335   0.32969287]
  [-0.6551842   0.01597742  0.7553002 ]]

 [[ 0.7928336  -0.09897453 -0.60134757]
  [ 0.16560026  0.9845857   0.05628115]
  [ 0.5865078  -0.14420488  0.79700285]]

 [[ 0.7740979   0.0685971   0.6293384 ]
  [-0.08128779  0.9966532  -0.00864842]
  [-0.62782526 -0.04446281  0.7770833 ]]

 [[ 0.96456033 -0.26215783  0.02994169]
  [ 0.2635407   0.9515639  -0.15834275]
  [ 0.01301935  0.16062202  0.98693   ]]

 [[ 0.9706753   0.23847182 -0.0303419 ]
  [-0.23985098  0.9692174  -0.05557979]
  [ 0.01615369  0.06122747  0.9979931 ]]

 [[ 0.9920079   0.10766891 -0.06578599]
  [-0.09112199  0.9719713   0.21672294]
  [ 0.0872764  -0.2089963   0.9740142 ]]

 [[ 0.99536896 -0.08518213  0.04454831]
  [ 0.07559279  0.9798904   0.18466301]
  [-0.05938246 -0.18044032  0.9817917 ]]]
[ 0.31100476  0.3279327  -0.30611762 -0.49081805 -0.07437408 -0.08339583
  0.11521193  0.00526631 -0.05883715  0.02170622]