[[[ 0.76039803 -0.02090465 -0.6491208 ]
  [ 0.08288768 -0.9881847   0.12892097]
  [-0.6441463  -0.15183537 -0.74968094]]]
[[[ 0.990294   -0.08708911 -0.10832027]
  [ 0.13610962  0.76545763  0.62892663]
  [ 0.02814192 -0.63756573  0.7698817 ]]

 [[ 0.9886621   0.06963173  0.1330361 ]
  [-0.14414138  0.68836695  0.7108968 ]
  [-0.04207667 -0.72201276  0.69059914]]

 [[ 0.9997487  -0.02187872 -0.00487924]
  [ 0.01139751  0.6835649  -0.7298007 ]
  [ 0.01930238  0.72956175  0.6836425 ]]

 [[ 0.9902263  -0.06033817 -0.12574215]
  [-0.01825803  0.8377331  -0.5457746 ]
  [ 0.13826941  0.5427362   0.8284437 ]]

 [[ 0.9963541  -0.00127948  0.08530413]
  [ 0.03695472  0.907687   -0.41801754]
  [-0.07689461  0.4196459   0.90442497]]

 [[ 0.9909108  -0.13406952  0.01100443]
  [ 0.13305517  0.9888737   0.06652118]
  [-0.01980045 -0.06445237  0.9977243 ]]

 [[ 0.97043073  0.2048344   0.12769914]
  [-0.19691777  0.9777768  -0.07194417]
  [-0.13959788  0.0446706   0.98920023]]

 [[ 0.9610168  -0.25370377 -0.10991418]
  [ 0.223192    0.94646955 -0.23319681]
  [ 0.16319333  0.1995741   0.9661978 ]]

 [[ 0.9968663  -0.07902362  0.00356417]
  [ 0.07909702  0.99636304 -0.03169318]
  [-0.0010467   0.03187579  0.9994913 ]]

 [[ 0.9472022  -0.3205302   0.00826555]
  [ 0.3155687   0.93648595  0.15300518]
  [-0.05678335 -0.1423185   0.9881908 ]]

 [[ 0.9452076   0.3239793   0.0402504 ]
  [-0.3257738   0.9279488   0.18105954]
  [ 0.02130923 -0.18425137  0.9826482 ]]

 [[ 0.9973917  -0.03086089 -0.06524806]
  [ 0.03666861  0.995287    0.08977301]
  [ 0.06217008 -0.09193142  0.99382263]]

 [[ 0.9874006   0.15752697 -0.01501526]
  [-0.15765484  0.9874639  -0.0077431 ]
  [ 0.01360728  0.01001277  0.9998573 ]]

 [[ 0.9093076  -0.38982055  0.14560099]
  [ 0.383389    0.92084885  0.07106602]
  [-0.16177948 -0.00879906  0.98678774]]

 [[ 0.97752583 -0.00643576 -0.21071756]
  [ 0.02408166  0.99640006  0.0812834 ]
  [ 0.20943587 -0.08453104  0.9741618 ]]

 [[ 0.6848557   0.72724247 -0.04572728]
  [-0.7282567   0.6852454  -0.00899232]
  [ 0.02479481  0.03945964  0.9989134 ]]

 [[ 0.6113974  -0.7350101   0.2931781 ]
  [ 0.75497407  0.65280116  0.0621678 ]
  [-0.23708096  0.18333264  0.9540345 ]]

 [[ 0.4156995  -0.28139448 -0.86487633]
  [ 0.3413161   0.92969877 -0.13843268]
  [ 0.8430286  -0.23764984  0.48251978]]

 [[ 0.16788374  0.36866465  0.9142764 ]
  [-0.3212554   0.89727175 -0.3028174 ]
  [-0.93199253 -0.24287811  0.26907283]]

 [[ 0.97304267 -0.22195844 -0.06263   ]
  [ 0.2259942   0.97181934  0.06703548]
  [ 0.04598595 -0.07938239  0.99578303]]

 [[ 0.94570714  0.3111836   0.09382333]
  [-0.31824437  0.94520724  0.0728277 ]
  [-0.0660197  -0.09873241  0.99292165]]

 [[ 0.96357554  0.24621889 -0.1043951 ]
  [-0.22241652  0.9545493   0.19840957]
  [ 0.14850248 -0.16796343  0.9745435 ]]

 [[ 0.9677698  -0.23292288  0.09575179]
  [ 0.21355934  0.96055     0.17814603]
  [-0.13346869 -0.1519557   0.9793342 ]]]
[ 0.38505495  0.6417285  -0.3108673  -0.4453136  -0.17692697  0.0139958
 -0.00562692  0.09694535 -0.00812753 -0.02109069]