[[[ 0.73450404 -0.08832719 -0.6728314 ]
  [ 0.24367413 -0.89103734  0.3829822 ]
  [-0.63334566 -0.44525358 -0.6329475 ]]]
[[[ 0.9282244  -0.31859326 -0.19208848]
  [ 0.35895514  0.6313591   0.68741333]
  [-0.09772844 -0.7070249   0.70040363]]

 [[ 0.9385767   0.22971684  0.2574956 ]
  [-0.3320391   0.3980886   0.85514647]
  [ 0.09393547 -0.8881191   0.44991165]]

 [[ 0.99798626 -0.00554581 -0.06318898]
  [-0.04700142  0.6043087  -0.7953627 ]
  [ 0.04259659  0.79673094  0.6028311 ]]

 [[ 0.9660808  -0.15748923 -0.20465806]
  [-0.02849386  0.7226643  -0.6906116 ]
  [ 0.256663    0.67301816  0.6936646 ]]

 [[ 0.99166936  0.02652507  0.12604855]
  [ 0.04164379  0.8599951  -0.5086001 ]
  [-0.1218918   0.5096123   0.85172623]]

 [[ 0.9961866  -0.08613263 -0.01390483]
  [ 0.08657225  0.99563324  0.03492394]
  [ 0.01083602 -0.03599453  0.9992932 ]]

 [[ 0.96616745  0.257497    0.01468522]
  [-0.2570844   0.96605927 -0.02524343]
  [-0.02068689  0.02061404  0.99957347]]

 [[ 0.9519553  -0.30612433  0.00830297]
  [ 0.30401537  0.94144243 -0.14581102]
  [ 0.03681952  0.14132981  0.9892776 ]]

 [[ 0.9966378  -0.07301699 -0.0371705 ]
  [ 0.07372781  0.9971137   0.01812366]
  [ 0.03573988 -0.02080322  0.9991446 ]]

 [[ 0.9318395  -0.33070067  0.1493725 ]
  [ 0.30338365  0.93584913  0.17929003]
  [-0.19908144 -0.12175237  0.9723904 ]]

 [[ 0.8975101   0.4379278  -0.05191214]
  [-0.42819464  0.89355683  0.13492765]
  [ 0.10547502 -0.09887042  0.9894946 ]]

 [[ 0.9963783  -0.02552592  0.08110896]
  [ 0.01360467  0.9894457   0.14426419]
  [-0.08393539 -0.14263825  0.9862095 ]]

 [[ 0.86425847  0.05905006 -0.4995703 ]
  [-0.03011206  0.9973785   0.06579786]
  [ 0.50214607 -0.04182325  0.86377096]]

 [[ 0.8734905  -0.30099198  0.38264638]
  [ 0.26498136  0.9532926   0.14497651]
  [-0.4084107  -0.02524146  0.9124493 ]]

 [[ 0.9987566  -0.00492769 -0.049608  ]
  [ 0.01482118  0.9794581   0.2011027 ]
  [ 0.04759798 -0.2015879   0.97831327]]

 [[ 0.6462735   0.5949995  -0.47781405]
  [-0.50196975  0.80307525  0.32108644]
  [ 0.5747669   0.03233858  0.817678  ]]

 [[ 0.5658175  -0.7083133   0.4220698 ]
  [ 0.70769715  0.67986506  0.1922193 ]
  [-0.42310193  0.18993656  0.88595086]]

 [[ 0.05123686 -0.27823564 -0.9591453 ]
  [ 0.44424495  0.8665049  -0.22763062]
  [ 0.89443904 -0.41443238  0.16800177]]

 [[-0.1831861   0.401854    0.8971934 ]
  [-0.45797193  0.7726731  -0.43958837]
  [-0.8698876  -0.49141595  0.04249489]]

 [[ 0.9363343  -0.3473492  -0.05125013]
  [ 0.34754857  0.9376472  -0.00525581]
  [ 0.04988015 -0.01289072  0.998672  ]]

 [[ 0.9292894   0.3535532   0.10687096]
  [-0.36099255  0.9306175   0.06029401]
  [-0.07813885 -0.09461019  0.9924431 ]]

 [[ 0.9798829   0.17672552 -0.09272318]
  [-0.15944394  0.97265834  0.1688593 ]
  [ 0.12002971 -0.1506782   0.98126906]]

 [[ 0.9698391  -0.22283648  0.09877186]
  [ 0.20634241  0.9662925   0.15395333]
  [-0.12974891 -0.12892915  0.98312885]]]
[ 0.20997345  0.59610987 -0.19434793 -0.45145705 -0.0974822  -0.10099491
 -0.02411708  0.14476945 -0.04370314 -0.04122114]