[[[ 0.5727055  -0.03388851 -0.81906044]
  [ 0.06576132 -0.9940259   0.08710948]
  [-0.81711924 -0.10375058 -0.5670555 ]]]
[[[ 9.89183366e-01 -1.25584960e-01 -7.57940039e-02]
  [ 1.46674111e-01  8.52960229e-01  5.00944614e-01]
  [ 1.73816562e-03 -5.06643057e-01  8.62154126e-01]]

 [[ 9.85063612e-01  1.36097521e-01  1.05485417e-01]
  [-1.65118173e-01  5.72829604e-01  8.02871168e-01]
  [ 4.88436110e-02 -8.08296740e-01  5.86745799e-01]]

 [[ 9.97735560e-01 -6.19276091e-02 -2.62413230e-02]
  [ 2.81522274e-02  7.38861680e-01 -6.73268795e-01]
  [ 6.10826425e-02  6.71005547e-01  7.38931954e-01]]

 [[ 9.87650156e-01 -3.30836587e-02 -1.53142363e-01]
  [-4.29856740e-02  8.82724106e-01 -4.67921197e-01]
  [ 1.50663033e-01  4.68725383e-01  8.70400488e-01]]

 [[ 9.85504627e-01 -1.66252911e-01 -3.37732136e-02]
  [ 1.11005396e-01  7.82478154e-01 -6.12703621e-01]
  [ 1.28290579e-01  6.00073218e-01  7.89590836e-01]]

 [[ 9.95167732e-01 -8.99759755e-02  3.93129736e-02]
  [ 8.67477655e-02  9.93228436e-01  7.72800297e-02]
  [-4.60001044e-02 -7.34962821e-02  9.96234119e-01]]

 [[ 9.62033987e-01  2.14555442e-01  1.68691099e-01]
  [-1.99526936e-01  9.74601448e-01 -1.01691291e-01]
  [-1.86225012e-01  6.41720593e-02  9.80409324e-01]]

 [[ 9.59088922e-01 -2.17407629e-01 -1.81334838e-01]
  [ 1.88988790e-01  9.68577027e-01 -1.61684245e-01]
  [ 2.10788146e-01  1.20799325e-01  9.70039129e-01]]

 [[ 9.98818636e-01 -4.78903502e-02  8.23813770e-03]
  [ 4.81318235e-02  9.98323202e-01 -3.21581848e-02]
  [-6.68425672e-03  3.25167105e-02  9.99448895e-01]]

 [[ 9.48692441e-01 -3.16186428e-01  2.97066197e-03]
  [ 3.10945958e-01  9.34592009e-01  1.72772482e-01]
  [-5.74046709e-02 -1.62984222e-01  9.84957278e-01]]

 [[ 9.48445916e-01  3.12581360e-01  5.23755737e-02]
  [-3.16938668e-01  9.35175359e-01  1.58103958e-01]
  [ 4.40005475e-04 -1.66552901e-01  9.86032367e-01]]

 [[ 9.96259868e-01  5.83437532e-02 -6.37360066e-02]
  [-5.41137569e-02  9.96338487e-01  6.61912188e-02]
  [ 6.73644841e-02 -6.24946579e-02  9.95769262e-01]]

 [[ 9.96228576e-01  8.07796493e-02 -3.16762291e-02]
  [-8.10037330e-02  9.96696591e-01 -5.85425831e-03]
  [ 3.10986862e-02  8.39807186e-03  9.99481082e-01]]

 [[ 9.61539924e-01 -1.96352035e-01  1.92059487e-01]
  [ 1.95411712e-01  9.80427206e-01  2.40170788e-02]
  [-1.93016127e-01  1.44372890e-02  9.81089413e-01]]

 [[ 9.79893088e-01  2.65254080e-02 -1.97752267e-01]
  [-1.86957438e-02  9.98969615e-01  4.13559005e-02]
  [ 1.98645458e-01 -3.68272327e-02  9.79379356e-01]]

 [[ 7.09648907e-01  7.01230824e-01 -6.83649629e-02]
  [-7.03278482e-01  7.10859478e-01 -8.83848406e-03]
  [ 4.24000658e-02  5.43518327e-02  9.97621179e-01]]

 [[ 7.15671003e-01 -6.41480088e-01  2.76257843e-01]
  [ 6.66744888e-01  7.45278716e-01  3.29943560e-03]
  [-2.08005607e-01  1.81832179e-01  9.61077929e-01]]

 [[ 4.44492996e-01 -2.32791662e-01 -8.65005195e-01]
  [ 2.43719608e-01  9.60642576e-01 -1.33291602e-01]
  [ 8.61989975e-01 -1.51571527e-01  4.83734787e-01]]

 [[ 1.22277617e-01  3.35551292e-01  9.34052169e-01]
  [-1.73405066e-01  9.33861792e-01 -3.12782288e-01]
  [-9.77230191e-01 -1.23723112e-01  1.72376692e-01]]

 [[ 9.77181315e-01 -1.98859528e-01 -7.46431872e-02]
  [ 2.02289239e-01  9.78444755e-01  4.15334851e-02]
  [ 6.47749007e-02 -5.56852557e-02  9.96345103e-01]]

 [[ 9.52631772e-01  2.85515726e-01  1.04754314e-01]
  [-2.82319933e-01  9.58288491e-01 -4.44803163e-02]
  [-1.13084696e-01  1.27991308e-02  9.93502855e-01]]

 [[ 9.69984770e-01  2.21845835e-01 -9.95688662e-02]
  [-1.99596331e-01  9.60261464e-01  1.95087314e-01]
  [ 1.38891473e-01 -1.69358134e-01  9.75718617e-01]]

 [[ 9.75292206e-01 -2.13048607e-01  5.84421530e-02]
  [ 1.98813543e-01  9.61778760e-01  1.88294530e-01]
  [-9.63243097e-02 -1.72023088e-01  9.80372250e-01]]]
[ 0.31845957  0.5728805  -0.16943271 -0.4617268  -0.20392096  0.09572396
  0.0635419   0.05335897 -0.08021256  0.02106518]