[[[-0.98333037 -0.1009398  -0.15123677]
  [ 0.061078   -0.96679604  0.24814291]
  [-0.1712626   0.23476923  0.9568451 ]]]
[[[ 0.78110135 -0.589379   -0.20618707]
  [ 0.49314258  0.3797449   0.7826904 ]
  [-0.38300282 -0.7130401   0.58726716]]

 [[ 0.7689178   0.6371296  -0.05321022]
  [-0.5485418   0.7001735   0.457011  ]
  [ 0.3284316  -0.32221588  0.8878681 ]]

 [[ 0.9982289   0.03391394  0.04887562]
  [ 0.00259784  0.79595155 -0.6053548 ]
  [-0.05943258  0.60440964  0.79445374]]

 [[ 0.99277294  0.11881797 -0.01685585]
  [-0.09219828  0.66524696 -0.7409088 ]
  [-0.07681999  0.7371083   0.671394  ]]

 [[ 0.9618707   0.07587484  0.26276964]
  [ 0.0291903   0.9267833  -0.37446043]
  [-0.27194262  0.3678528   0.8892309 ]]

 [[ 0.99925387  0.0326536   0.0206257 ]
  [-0.03017638  0.9933919  -0.1107334 ]
  [-0.02410524  0.11002838  0.993636  ]]

 [[ 0.9422647   0.3316247   0.04650102]
  [-0.3324765   0.9430384   0.01174277]
  [-0.03995806 -0.0265253   0.9988492 ]]

 [[ 0.9607561  -0.27537128 -0.03344085]
  [ 0.27623358  0.9607752   0.02461701]
  [ 0.02535032 -0.03288843  0.99913746]]

 [[ 0.99794275  0.05023227  0.03983746]
  [-0.05200029  0.99764794  0.04466107]
  [-0.03750034 -0.04664075  0.9982076 ]]

 [[ 0.86832255 -0.43292966  0.24204932]
  [ 0.42252135  0.90123296  0.0962022 ]
  [-0.2597916   0.01873647  0.96548295]]

 [[ 0.91438264  0.33670995 -0.22479053]
  [-0.2999808   0.93635994  0.18232287]
  [ 0.27187476 -0.09928004  0.9571978 ]]

 [[ 0.99169374 -0.09687218 -0.08461227]
  [ 0.09417343  0.99492854 -0.03533411]
  [ 0.08760606  0.02707239  0.9957872 ]]

 [[ 0.9006238   0.22057006 -0.374467  ]
  [-0.18781655  0.97455734  0.12232348]
  [ 0.39192042 -0.03983635  0.9191362 ]]

 [[ 0.8459153  -0.03089505  0.5324216 ]
  [-0.02627625  0.9946939   0.09946743]
  [-0.5326695  -0.09813108  0.840615  ]]

 [[ 0.99697405 -0.05622393  0.05368086]
  [ 0.04679164  0.98549074  0.16315182]
  [-0.06207503 -0.16014631  0.9851395 ]]

 [[ 0.5213426   0.75470465 -0.3982748 ]
  [-0.68241113  0.64894503  0.33643037]
  [ 0.512364    0.09639171  0.8533416 ]]

 [[ 0.44159967 -0.6605151   0.60721457]
  [ 0.5215907   0.7396611   0.4252583 ]
  [-0.7300225   0.12892357  0.67115265]]

 [[ 0.42786974 -0.295748   -0.8540847 ]
  [ 0.5327558   0.84586924 -0.0260092 ]
  [ 0.73013616 -0.44389     0.5194833 ]]

 [[ 0.49828413  0.20962986  0.84128964]
  [-0.3993009   0.9167845   0.0080589 ]
  [-0.7695919  -0.3399433   0.5405246 ]]

 [[ 0.97418493 -0.21934752  0.05338947]
  [ 0.20551232  0.95956177  0.19236924]
  [-0.09342621 -0.17643102  0.97986925]]

 [[ 0.96756876  0.24424815 -0.06444813]
  [-0.23522313  0.96417433  0.12262931]
  [ 0.09209121 -0.1034926   0.99035776]]

 [[ 0.9855278   0.14832222 -0.08207011]
  [-0.13695124  0.98199     0.13015337]
  [ 0.09989668 -0.11703015  0.98809135]]

 [[ 0.99129254 -0.12532312  0.04041142]
  [ 0.11611049  0.97667134  0.1806415 ]
  [-0.06210723 -0.17437641  0.98271835]]]
[ 0.16451071  0.5434323  -0.02192566 -0.56291354 -0.09772992 -0.06615215
  0.09981698 -0.00930381  0.01701148 -0.08232728]