[[[ 0.7440704  -0.10019878 -0.66054475]
  [ 0.16222458 -0.93200475  0.32411465]
  [-0.64810675 -0.34832075 -0.67722243]]]
[[[ 0.9634931  -0.22858076 -0.13939859]
  [ 0.26748487  0.8442567   0.46441624]
  [ 0.01153158 -0.4847488   0.8745774 ]]

 [[ 0.9492217   0.1408403   0.28132227]
  [-0.31425473  0.4668241   0.8266313 ]
  [-0.01490503 -0.8730632   0.4873793 ]]

 [[ 0.99301726 -0.10667736 -0.05036693]
  [ 0.04724644  0.75084144 -0.6587905 ]
  [ 0.10809561  0.6518106   0.7506386 ]]

 [[ 0.90162194 -0.26479784 -0.3419942 ]
  [-0.01020058  0.77745444 -0.6288566 ]
  [ 0.43240473  0.57047945  0.6982689 ]]

 [[ 0.9846559   0.05955309  0.16403088]
  [ 0.07730637  0.69384146 -0.7159663 ]
  [-0.15644944  0.7176611   0.67859125]]

 [[ 0.9982645  -0.04604893  0.03670651]
  [ 0.04358783  0.99691707  0.06524135]
  [-0.03959765 -0.06352817  0.9971941 ]]

 [[ 0.95863587  0.27972266  0.05265474]
  [-0.278914    0.9600577  -0.02227555]
  [-0.05678256  0.00666799  0.99836427]]

 [[ 0.96058905 -0.27718627 -0.02089144]
  [ 0.27379045  0.95644915 -0.10121178]
  [ 0.04803611  0.09150305  0.99464554]]

 [[ 0.9998513  -0.01692969  0.00328371]
  [ 0.01680563  0.99925613  0.03470891]
  [-0.00386888 -0.03464857  0.99939203]]

 [[ 0.93019754 -0.36654925  0.01934245]
  [ 0.34975722  0.9011074   0.25627187]
  [-0.11136591 -0.23161833  0.9664111 ]]

 [[ 0.89849156  0.43799534 -0.02954704]
  [-0.42483866  0.8845066   0.19277008]
  [ 0.11056693 -0.16064955  0.9807991 ]]

 [[ 0.9846801   0.0493167  -0.16725133]
  [-0.01061111  0.97434074  0.22482763]
  [ 0.17404756 -0.21960856  0.9599373 ]]

 [[ 0.97408855  0.14754124 -0.17141499]
  [-0.13687529  0.9879299   0.0725242 ]
  [ 0.18004629 -0.04718251  0.98252594]]

 [[ 0.9498416  -0.22701864  0.2150896 ]
  [ 0.21713747  0.97371143  0.06882918]
  [-0.22506069 -0.01867281  0.9741659 ]]

 [[ 0.98013324 -0.01464645 -0.19779894]
  [ 0.05822494  0.9745779   0.2163514 ]
  [ 0.18960166 -0.22357002  0.956069  ]]

 [[ 0.63212734  0.72401756 -0.2760681 ]
  [-0.7070325   0.684719    0.1768188 ]
  [ 0.317049    0.08341711  0.94473356]]

 [[ 0.63019055 -0.7217049   0.28635976]
  [ 0.7416255   0.66870004  0.05321531]
  [-0.22989453  0.17883591  0.9566432 ]]

 [[-0.12497912 -0.30045247 -0.9455732 ]
  [ 0.43606034  0.8394292  -0.32436097]
  [ 0.8911968  -0.4528653   0.02610429]]

 [[ 0.04531071  0.39991271  0.91543263]
  [-0.3114656   0.8763502  -0.36742288]
  [-0.9491766  -0.26847753  0.16426711]]

 [[ 0.952219   -0.30204567 -0.04524875]
  [ 0.30515814  0.9470038   0.10031138]
  [ 0.01255212 -0.10932641  0.9939267 ]]

 [[ 0.9476459   0.31234798  0.0663766 ]
  [-0.31408527  0.94923675  0.01731697]
  [-0.05759819 -0.03725827  0.99764425]]

 [[ 0.97223544  0.21808721 -0.08483083]
  [-0.20444597  0.9680081   0.14547239]
  [ 0.11384258 -0.12409008  0.98571885]]

 [[ 0.9760105  -0.20066682  0.08447614]
  [ 0.18723002  0.97159266  0.14475024]
  [-0.11112297 -0.1254613   0.9858555 ]]]
[ 0.12057985  0.46489024 -0.12881814 -0.31165114 -0.12617421  0.02100763
  0.03865528  0.07678798 -0.06986529  0.00478011]