[[[ 0.5501619   0.01795685 -0.83486485]
  [ 0.12175631 -0.9908094   0.05892434]
  [-0.8261339  -0.134068   -0.54729193]]]
[[[ 9.98720050e-01 -5.03711700e-02 -4.58738813e-03]
  [ 4.56398651e-02  8.58375013e-01  5.10988653e-01]
  [-2.18013898e-02 -5.10543942e-01  8.59575272e-01]]

 [[ 9.93133485e-01  9.12050977e-02  7.32632205e-02]
  [-1.14748120e-01  6.37527943e-01  7.61834025e-01]
  [ 2.27757953e-02 -7.65009701e-01  6.43615961e-01]]

 [[ 9.97764289e-01 -6.62076622e-02  9.10871290e-03]
  [ 5.37226126e-02  7.13501036e-01 -6.98591590e-01]
  [ 3.97530384e-02  6.97519064e-01  7.15462685e-01]]

 [[ 9.98508573e-01 -2.98933568e-03 -5.45137934e-02]
  [-7.22713536e-03  9.82475400e-01 -1.86251998e-01]
  [ 5.41152321e-02  1.86368182e-01  9.80988503e-01]]

 [[ 9.82345700e-01 -1.72202229e-01 -7.30974302e-02]
  [ 9.14904550e-02  7.83055007e-01 -6.15186453e-01]
  [ 1.63175777e-01  5.97638071e-01  7.84985602e-01]]

 [[ 9.91456032e-01 -1.21219032e-01  4.81760167e-02]
  [ 1.18399560e-01  9.91293192e-01  5.76145090e-02]
  [-5.47405258e-02 -5.14182299e-02  9.97175872e-01]]

 [[ 9.63429153e-01  1.88700452e-01  1.90253556e-01]
  [-1.68466374e-01  9.78669584e-01 -1.17579758e-01]
  [-2.08382696e-01  8.12284425e-02  9.74668503e-01]]

 [[ 9.68493342e-01 -1.88421711e-01 -1.62842944e-01]
  [ 1.61830306e-01  9.73169506e-01 -1.63560614e-01]
  [ 1.89292163e-01  1.32054463e-01  9.73000526e-01]]

 [[ 9.97788787e-01 -6.00312129e-02  2.85265110e-02]
  [ 6.11884743e-02  9.97259259e-01 -4.15923111e-02]
  [-2.59514917e-02  4.32458334e-02  9.98727322e-01]]

 [[ 9.51375186e-01 -3.07776451e-01  1.26045197e-02]
  [ 3.03746760e-01  9.44150448e-01  1.27741575e-01]
  [-5.12164086e-02 -1.17701590e-01  9.91727412e-01]]

 [[ 9.65847313e-01  2.56538004e-01  3.64311747e-02]
  [-2.59090841e-01  9.54382122e-01  1.48413271e-01]
  [ 3.30438162e-03 -1.52783543e-01  9.88254070e-01]]

 [[ 9.98644352e-01  5.16061522e-02  6.79718936e-03]
  [-5.18689677e-02  9.97551560e-01  4.69092615e-02]
  [-4.35973983e-03 -4.71982360e-02  9.98875976e-01]]

 [[ 9.96723294e-01  8.08809921e-02  9.34210373e-04]
  [-8.08634162e-02  9.96649027e-01 -1.23249190e-02]
  [-1.92793156e-03  1.22089908e-02  9.99923587e-01]]

 [[ 9.40215111e-01 -2.68977910e-01  2.08917454e-01]
  [ 2.70819098e-01  9.62416291e-01  2.02974565e-02]
  [-2.06525117e-01  3.74948643e-02  9.77722704e-01]]

 [[ 9.85650837e-01  6.43103570e-02 -1.56066015e-01]
  [-5.28951623e-02  9.95686293e-01  7.62291700e-02]
  [ 1.60295129e-01 -6.68802038e-02  9.84800756e-01]]

 [[ 6.73402905e-01  7.37008333e-01 -5.78547977e-02]
  [-7.39271998e-01  6.71088636e-01 -5.58298491e-02]
  [-2.32137088e-03  8.03664178e-02  9.96762693e-01]]

 [[ 6.17283762e-01 -7.31877446e-01  2.88645476e-01]
  [ 7.65421510e-01  6.43507838e-01 -5.24312630e-03]
  [-1.81908324e-01  2.24171981e-01  9.57421660e-01]]

 [[ 4.88981120e-02 -3.23738575e-01 -9.44882095e-01]
  [ 2.47575581e-01  9.20419872e-01 -3.02545071e-01]
  [ 9.67633843e-01 -2.19135880e-01  1.25156552e-01]]

 [[ 6.39525279e-02  3.65569144e-01  9.28584516e-01]
  [-1.48031145e-01  9.23670530e-01 -3.53439510e-01]
  [-9.86912727e-01 -1.14856094e-01  1.13186687e-01]]

 [[ 9.62973952e-01 -2.46589899e-01 -1.08970329e-01]
  [ 2.53314346e-01  9.65947747e-01  5.26952706e-02]
  [ 9.22655240e-02 -7.83479288e-02  9.92647290e-01]]

 [[ 9.45403099e-01  3.03995878e-01  1.17471486e-01]
  [-3.03355813e-01  9.52581942e-01 -2.37287208e-02]
  [-1.19114637e-01 -1.32024512e-02  9.92792845e-01]]

 [[ 9.65587258e-01  2.40530491e-01 -9.89262164e-02]
  [-2.17685893e-01  9.55586672e-01  1.98663071e-01]
  [ 1.42317086e-01 -1.70291677e-01  9.75062430e-01]]

 [[ 9.71821368e-01 -2.22693399e-01  7.72718117e-02]
  [ 2.04627961e-01  9.59744751e-01  1.92399010e-01]
  [-1.17007211e-01 -1.71165481e-01  9.78269756e-01]]]
[ 0.30934286  0.6303485  -0.19662404 -0.49528316 -0.18201745  0.07818899
  0.03701523  0.0689631  -0.03312556  0.0171499 ]