[[[ 0.689163   -0.03126795 -0.7239313 ]
  [ 0.17376469 -0.9627852   0.20700379]
  [-0.7034629  -0.2684531  -0.65808266]]]
[[[ 9.69903648e-01 -1.79268107e-01 -1.64771914e-01]
  [ 2.29466796e-01  8.99295807e-01  3.72306436e-01]
  [ 8.14360157e-02 -3.98911089e-01  9.13366377e-01]]

 [[ 9.85120773e-01  3.16086262e-02  1.68931708e-01]
  [-1.64855674e-01  4.51615036e-01  8.76850307e-01]
  [-4.85760793e-02 -8.91652822e-01  4.50106204e-01]]

 [[ 9.96775031e-01 -8.01868737e-02 -3.08582815e-03]
  [ 5.80201596e-02  7.46726990e-01 -6.62595212e-01]
  [ 5.54357134e-02  6.60279393e-01  7.48971283e-01]]

 [[ 8.80230248e-01 -3.24564993e-01 -3.46197009e-01]
  [-1.73786953e-02  7.06994891e-01 -7.07005084e-01]
  [ 4.74228650e-01  6.28343642e-01  6.16677761e-01]]

 [[ 9.91032302e-01 -1.03979781e-01  8.39231312e-02]
  [ 1.22841179e-01  4.61809695e-01 -8.78431439e-01]
  [ 5.25825955e-02  8.80863249e-01  4.70441312e-01]]

 [[ 9.94667709e-01 -6.65038005e-02  7.88247362e-02]
  [ 5.97691536e-02  9.94593501e-01  8.49200711e-02]
  [-8.40460807e-02 -7.97559693e-02  9.93264914e-01]]

 [[ 9.65442002e-01  2.32269973e-01  1.18204534e-01]
  [-2.29581133e-01  9.72621024e-01 -3.60676385e-02]
  [-1.23345643e-01  7.68368086e-03  9.92334008e-01]]

 [[ 9.77525830e-01 -1.80603981e-01 -1.08744889e-01]
  [ 1.75351009e-01  9.82903421e-01 -5.61509468e-02]
  [ 1.17026806e-01  3.58204767e-02  9.92482603e-01]]

 [[ 9.98821437e-01 -3.89765501e-02  2.89201699e-02]
  [ 3.90772186e-02  9.99231875e-01 -2.92385672e-03]
  [-2.87839957e-02  4.05053142e-03  9.99577284e-01]]

 [[ 9.45558608e-01 -3.23270380e-01 -3.76199819e-02]
  [ 3.20666105e-01  9.05657828e-01  2.77411550e-01]
  [-5.56081049e-02 -2.74372309e-01  9.60014403e-01]]

 [[ 9.51597035e-01  3.06799680e-01  1.83571074e-02]
  [-3.03974956e-01  9.30647314e-01  2.03702852e-01]
  [ 4.54119779e-02 -1.99423149e-01  9.78860617e-01]]

 [[ 9.97939885e-01  1.65098198e-02 -6.19959347e-02]
  [-4.90487879e-03  9.83127058e-01  1.82858542e-01]
  [ 6.39688373e-02 -1.82177722e-01  9.81182694e-01]]

 [[ 9.76565719e-01  2.10692793e-01  4.39081155e-02]
  [-2.12513670e-01  9.76255596e-01  4.19862978e-02]
  [-3.40193361e-02 -5.03334552e-02  9.98152852e-01]]

 [[ 9.27017391e-01 -3.49825650e-01  1.35132059e-01]
  [ 3.41949105e-01  9.36440110e-01  7.84269646e-02]
  [-1.53978840e-01 -2.64948793e-02  9.87718821e-01]]

 [[ 9.84503150e-01  9.38371941e-03 -1.75115451e-01]
  [ 1.67772938e-02  9.88947213e-01  1.47316054e-01]
  [ 1.74562305e-01 -1.47971094e-01  9.73464191e-01]]

 [[ 6.77233279e-01  7.33393848e-01 -5.90651482e-02]
  [-7.28813946e-01  6.79678321e-01  8.28711018e-02]
  [ 1.00922443e-01 -1.30755594e-02  9.94808495e-01]]

 [[ 5.95955312e-01 -7.57553279e-01  2.66365021e-01]
  [ 7.64227748e-01  6.36904895e-01  1.01528816e-01]
  [-2.46562645e-01  1.43056914e-01  9.58510101e-01]]

 [[ 3.05225283e-01 -3.32179576e-01 -8.92465234e-01]
  [ 5.15193045e-01  8.45791578e-01 -1.38610125e-01]
  [ 8.00882995e-01 -4.17484581e-01  4.29293573e-01]]

 [[ 2.85799325e-01  3.99220258e-01  8.71172726e-01]
  [-3.66417557e-01  8.85536015e-01 -2.85594374e-01]
  [-8.85469913e-01 -2.37590313e-01  3.99366915e-01]]

 [[ 9.71434236e-01 -2.37307340e-01  7.92662730e-04]
  [ 2.35948548e-01  9.66218293e-01  1.03684232e-01]
  [-2.53709164e-02 -1.00535400e-01  9.94609833e-01]]

 [[ 9.66002882e-01  2.57404357e-01  2.41140015e-02]
  [-2.57556736e-01  9.66257274e-01  3.38891521e-03]
  [-2.24280059e-02 -9.48442519e-03  9.99703526e-01]]

 [[ 9.65056837e-01  2.45478079e-01 -9.16826203e-02]
  [-2.27872759e-01  9.58928883e-01  1.68906718e-01]
  [ 1.29380003e-01 -1.42112643e-01  9.81358647e-01]]

 [[ 9.71068025e-01 -2.24026754e-01  8.26972127e-02]
  [ 2.11855158e-01  9.67989802e-01  1.34585246e-01]
  [-1.10200748e-01 -1.13171607e-01  9.87445176e-01]]]
[ 0.22218084  0.5358016  -0.20197457 -0.32833615 -0.13557845  0.04062334
  0.02202547  0.07804202 -0.03385265 -0.00901169]