[[[-0.58758754 -0.01611061 -0.8090001 ]
  [ 0.06279819 -0.99769413 -0.02574285]
  [-0.80672    -0.06592991  0.58724433]]]
[[[ 0.95532787 -0.29255304 -0.04196773]
  [ 0.24820274  0.7170698   0.6513112 ]
  [-0.1604493  -0.6326323   0.75764924]]

 [[ 0.98593926  0.11372931  0.12243081]
  [-0.15555343  0.35697877  0.92106956]
  [ 0.0610474  -0.9271633   0.36965036]]

 [[ 0.99907917 -0.01219203 -0.0411376 ]
  [-0.03005376  0.48542672 -0.8737607 ]
  [ 0.0306222   0.8741923   0.4846133 ]]

 [[ 0.98949975  0.00909486 -0.14424795]
  [-0.06887189  0.9070969  -0.4152491 ]
  [ 0.12707025  0.42082354  0.89819854]]

 [[ 0.99134344 -0.11187369 -0.0687206 ]
  [ 0.04189316  0.76557565 -0.6419804 ]
  [ 0.12443156  0.63354415  0.76363516]]

 [[ 0.9973181   0.03709793  0.06309066]
  [-0.03917622  0.99871886  0.03202915]
  [-0.06182162 -0.0344149   0.99749374]]

 [[ 0.93675625  0.28490368  0.20326743]
  [-0.2598469   0.9552433  -0.14138564]
  [-0.23445112  0.07962546  0.96886146]]

 [[ 0.9678792  -0.19369152 -0.16029143]
  [ 0.17439355  0.9764647  -0.12690017]
  [ 0.1810984   0.09487025  0.9788784 ]]

 [[ 0.9991773   0.03927271  0.01012545]
  [-0.03844268  0.99665457 -0.07212376]
  [-0.01292407  0.07167517  0.9973444 ]]

 [[ 0.95115817 -0.30870137  0.0012527 ]
  [ 0.30761585  0.94813824  0.08003922]
  [-0.02589596 -0.07574461  0.9967909 ]]

 [[ 0.96394646  0.25994655 -0.05687827]
  [-0.2559032   0.96419066  0.06964107]
  [ 0.07294445 -0.05257493  0.9959493 ]]

 [[ 0.99754006 -0.04252097 -0.05572987]
  [ 0.03559767  0.9921576  -0.11981723]
  [ 0.06038755  0.11753863  0.99123055]]

 [[ 0.86787677 -0.13434519 -0.47826904]
  [ 0.19379866  0.97801906  0.07694668]
  [ 0.45741883 -0.15946814  0.8748359 ]]

 [[ 0.7929634   0.17615029  0.5832497 ]
  [-0.24117266  0.9698516   0.03497889]
  [-0.55950415 -0.16840085  0.8115395 ]]

 [[ 0.9991569   0.0234376  -0.03370962]
  [-0.01155562  0.9483927   0.31688762]
  [ 0.03939704 -0.31623086  0.94786394]]

 [[ 0.84365886  0.3821412  -0.37710455]
  [-0.25580552  0.9036641   0.34344527]
  [ 0.47202048 -0.19328521  0.86013806]]

 [[ 0.72730684 -0.53993297  0.42367095]
  [ 0.43877226  0.84048724  0.31789932]
  [-0.5277344  -0.04531528  0.8481997 ]]

 [[ 0.51781476 -0.16987304 -0.8384575 ]
  [ 0.39567968  0.9165122   0.05867689]
  [ 0.7584889  -0.36214438  0.54179883]]

 [[ 0.765574    0.07854622  0.638535  ]
  [-0.05569161  0.99688447 -0.05585514]
  [-0.6409329   0.00720019  0.76756316]]

 [[ 0.94912344 -0.31141666 -0.04673688]
  [ 0.3101803   0.9501425  -0.03189741]
  [ 0.05434008  0.01577772  0.9983978 ]]

 [[ 0.9615678   0.2666603   0.06541839]
  [-0.2647781   0.96363395 -0.03608694]
  [-0.07266232  0.01737869  0.9972052 ]]

 [[ 0.9861763   0.13615705 -0.09443315]
  [-0.11532893  0.9732235   0.19883476]
  [ 0.11897732 -0.18519524  0.9754728 ]]

 [[ 0.9915838  -0.1052494   0.07539371]
  [ 0.08801122  0.97507524  0.20367213]
  [-0.0949509  -0.19532247  0.976132  ]]]
[ 0.17260017  0.26764274 -0.2240069  -0.21061191 -0.04136562 -0.02671975
  0.14649913 -0.00978278 -0.07760289  0.03234646]