[[[ 0.7589508  -0.02123598 -0.6508016 ]
  [ 0.08249803 -0.9882779   0.12845545]
  [-0.6459007  -0.1511812  -0.7483024 ]]]
[[[ 0.990439   -0.08612067 -0.10776777]
  [ 0.1349525   0.7668795   0.62744224]
  [ 0.02860915 -0.63598675  0.77116954]]

 [[ 0.9888028   0.06749915  0.1330897 ]
  [-0.14287457  0.68567896  0.7137446 ]
  [-0.04307967 -0.72476774  0.6876452 ]]

 [[ 0.99973106 -0.02269246 -0.00477122]
  [ 0.01200126  0.6823956  -0.73088455]
  [ 0.01984143  0.7306308   0.6824844 ]]

 [[ 0.9901678  -0.06147268 -0.12565352]
  [-0.01707435  0.83843666 -0.54473144]
  [ 0.13883863  0.541521    0.8291434 ]]

 [[ 0.9964118  -0.00185602  0.08461687]
  [ 0.03730858  0.90701836 -0.41943505]
  [-0.07597058  0.421087    0.90383303]]

 [[ 0.99101895 -0.13320664  0.01172519]
  [ 0.13213293  0.9889491   0.06723472]
  [-0.02055172 -0.0650816   0.9976683 ]]

 [[ 0.9701809   0.20545425  0.12859836]
  [-0.19729349  0.9775923  -0.07340759]
  [-0.14079866  0.04584702  0.9889762 ]]

 [[ 0.96094114 -0.25399643 -0.10989933]
  [ 0.22328396  0.9461568  -0.2343751 ]
  [ 0.16351242  0.20068194  0.9659143 ]]

 [[ 0.99691296 -0.07840719  0.00411387]
  [ 0.07849932  0.99639285 -0.03223492]
  [-0.00157158  0.03245835  0.99947184]]

 [[ 0.94699544 -0.32112777  0.00875472]
  [ 0.316044    0.9361964   0.15379377]
  [-0.05758359 -0.14287512  0.9880642 ]]

 [[ 0.945147    0.3240394   0.04117715]
  [-0.32599065  0.9277517   0.18167786]
  [ 0.02066861 -0.18513566  0.98249555]]

 [[ 0.99788326 -0.02813262 -0.0586308 ]
  [ 0.03332055  0.9954316   0.08947382]
  [ 0.05584582 -0.09123804  0.9942619 ]]

 [[ 0.98776     0.15534629 -0.0140603 ]
  [-0.15544793  0.9878231  -0.00644362]
  [ 0.01288809  0.0085504   0.99988043]]

 [[ 0.910705   -0.38681597  0.14487933]
  [ 0.3804266   0.9221111   0.07061664]
  [-0.16091047 -0.00919496  0.98692626]]

 [[ 0.97866845 -0.00320415 -0.20542103]
  [ 0.02087029  0.99625635  0.0838908 ]
  [ 0.20438322 -0.08638848  0.97507155]]

 [[ 0.6837666   0.728336   -0.04460776]
  [-0.7292549   0.6842073  -0.00688914]
  [ 0.02550336  0.037241    0.9989807 ]]

 [[ 0.6101854  -0.7362291   0.292644  ]
  [ 0.75612754  0.65144986  0.06232288]
  [-0.23652683  0.18324769  0.9541883 ]]

 [[ 0.4153456  -0.28262216 -0.8646461 ]
  [ 0.3448912   0.92847097 -0.13781063]
  [ 0.84174705 -0.24096975  0.48311022]]

 [[ 0.16701998  0.36956832  0.91406983]
  [-0.32044327  0.89710844 -0.30415887]
  [-0.9324272  -0.2421069   0.26826072]]

 [[ 0.97266173 -0.22369881 -0.06235355]
  [ 0.22771366  0.97141284  0.06710857]
  [ 0.04555893 -0.0794727   0.99579537]]

 [[ 0.94561857  0.3115521   0.0934921 ]
  [-0.31859437  0.9450722   0.07304903]
  [-0.0655982  -0.09886257  0.99293655]]

 [[ 0.9635152   0.24644756 -0.10441249]
  [-0.22266227  0.9545224   0.19826373]
  [ 0.14852567 -0.16778141  0.9745714 ]]

 [[ 0.96758515 -0.23356225  0.09606101]
  [ 0.21412314  0.960393    0.17831568]
  [-0.13390414 -0.1519667   0.9792731 ]]]
[ 0.37826902  0.6435288  -0.3114309  -0.44363913 -0.17775214  0.01387087
 -0.00450075  0.09631735 -0.00774942 -0.02242601]