[[[ 0.6869873  -0.02576206 -0.7262127 ]
  [ 0.06883198 -0.99257094  0.10032512]
  [-0.72340214 -0.11890874 -0.68011034]]]
[[[ 9.92795467e-01 -5.72410040e-02 -1.05264656e-01]
  [ 1.12376027e-01  7.49657452e-01  6.52215838e-01]
  [ 4.15789410e-02 -6.59346104e-01  7.50689030e-01]]

 [[ 9.91190195e-01  4.43088152e-02  1.24814995e-01]
  [-1.24646127e-01  6.30695403e-01  7.65954733e-01]
  [-4.47816812e-02 -7.74764478e-01  6.30662024e-01]]

 [[ 9.99463797e-01 -3.25684659e-02  3.37864086e-03]
  [ 2.36879494e-02  6.47960186e-01 -7.61305749e-01]
  [ 2.26053353e-02  7.60977566e-01  6.48384213e-01]]

 [[ 9.94555771e-01 -3.72273214e-02 -9.73290280e-02]
  [-1.58668309e-02  8.69018376e-01 -4.94525343e-01]
  [ 1.02990568e-01  4.93377328e-01  8.63696575e-01]]

 [[ 9.98933017e-01 -3.77680324e-02  2.65761148e-02]
  [ 4.58768047e-02  8.77537727e-01 -4.77307916e-01]
  [-5.29456465e-03  4.78017926e-01  8.78334105e-01]]

 [[ 9.92769659e-01 -1.17771119e-01  2.32028253e-02]
  [ 1.15335368e-01  9.89468634e-01  8.74620900e-02]
  [-3.32589746e-02 -8.41536000e-02  9.95897591e-01]]

 [[ 9.73012745e-01  1.97576314e-01  1.19204842e-01]
  [-1.86865345e-01  9.77753520e-01 -9.52860638e-02]
  [-1.35379210e-01  7.04393014e-02  9.88286793e-01]]

 [[ 9.66397405e-01 -2.30797052e-01 -1.13175750e-01]
  [ 2.02166364e-01  9.54344988e-01 -2.19896421e-01]
  [ 1.58760145e-01  1.89627007e-01  9.68935907e-01]]

 [[ 9.97882843e-01 -6.24975674e-02  1.79985072e-02]
  [ 6.30137846e-02  9.97570455e-01 -2.97047012e-02]
  [-1.60983093e-02  3.07759643e-02  9.99396622e-01]]

 [[ 9.49848592e-01 -3.11997354e-01  2.11016126e-02]
  [ 3.05472553e-01  9.40183699e-01  1.50801793e-01]
  [-6.68891519e-02 -1.36792913e-01  9.88338768e-01]]

 [[ 9.50383663e-01  3.07837993e-01  4.47954796e-02]
  [-3.10911357e-01  9.35225010e-01  1.69376299e-01]
  [ 1.02466112e-02 -1.74899906e-01  9.84532893e-01]]

 [[ 9.98513222e-01  3.63563246e-04 -5.45087345e-02]
  [ 5.74358832e-03  9.93709445e-01  1.11841351e-01]
  [ 5.42065129e-02 -1.11988142e-01  9.92229939e-01]]

 [[ 9.89472806e-01  1.42815843e-01 -2.33895164e-02]
  [-1.42944604e-01  9.89722908e-01 -3.91992973e-03]
  [ 2.25893129e-02  7.22206943e-03  9.99718666e-01]]

 [[ 9.13157761e-01 -3.57870191e-01  1.95120171e-01]
  [ 3.53685975e-01  9.33619142e-01  5.71102127e-02]
  [-2.02605963e-01  1.68606360e-02  9.79115248e-01]]

 [[ 9.76379991e-01  1.41266193e-02 -2.15598166e-01]
  [ 1.30338045e-02  9.92191911e-01  1.24037489e-01]
  [ 2.15666994e-01 -1.23917781e-01  9.68572199e-01]]

 [[ 6.45619869e-01  7.63290107e-01 -2.37339605e-02]
  [-7.63331950e-01  6.45941079e-01  9.19148885e-03]
  [ 2.23465115e-02  1.21826828e-02  9.99676168e-01]]

 [[ 5.82767069e-01 -7.56338298e-01  2.97211766e-01]
  [ 7.78432250e-01  6.24556780e-01  6.30241334e-02]
  [-2.33293191e-01  1.94630831e-01  9.52729225e-01]]

 [[ 4.10714179e-01 -3.06585431e-01 -8.58673036e-01]
  [ 4.09883410e-01  9.03326809e-01 -1.26476452e-01]
  [ 8.14438164e-01 -3.00010145e-01  4.96673405e-01]]

 [[ 1.31984264e-01  3.86144459e-01  9.12947118e-01]
  [-3.06313455e-01  8.91815186e-01 -3.32922816e-01]
  [-9.42736506e-01 -2.35707447e-01  2.35986814e-01]]

 [[ 9.66324925e-01 -2.48751268e-01 -6.58716559e-02]
  [ 2.53442168e-01  9.64334428e-01  7.63303339e-02]
  [ 4.45350260e-02 -9.04545411e-02  9.94904459e-01]]

 [[ 9.38935637e-01  3.29976290e-01  9.75482911e-02]
  [-3.36143494e-01  9.40198183e-01  5.50894141e-02]
  [-7.35365301e-02 -8.45156163e-02  9.93704975e-01]]

 [[ 9.60376859e-01  2.57602364e-01 -1.06382713e-01]
  [-2.31781602e-01  9.50180531e-01  2.08408594e-01]
  [ 1.54769346e-01 -1.75493240e-01  9.72238898e-01]]

 [[ 9.65269268e-01 -2.39890411e-01  1.03478782e-01]
  [ 2.17481494e-01  9.57287550e-01  1.90531403e-01]
  [-1.44765630e-01 -1.61409378e-01  9.76211965e-01]]]
[ 0.42731568  0.68451023 -0.28832307 -0.49490902 -0.2064938   0.0495033
  0.01583675  0.09358694 -0.01339383 -0.01001436]