[[[-0.9953888  -0.09579753  0.00488582]
  [ 0.09462759 -0.97234184  0.21353436]
  [-0.01570538  0.21301205  0.9769233 ]]]
[[[ 7.10093617e-01 -6.45967841e-01 -2.80165166e-01]
  [ 5.48715174e-01  2.58344710e-01  7.95090973e-01]
  [-4.41224039e-01 -7.18319952e-01  5.37901282e-01]]

 [[ 7.73778617e-01  6.33276999e-01 -1.50599619e-02]
  [-5.33016384e-01  6.63752079e-01  5.24715841e-01]
  [ 3.42286557e-01 -3.97986740e-01  8.51144195e-01]]

 [[ 9.98275638e-01  5.74070327e-02  1.22529147e-02]
  [-3.60311046e-02  7.64048040e-01 -6.44152462e-01]
  [-4.63406891e-02  6.42600238e-01  7.64798999e-01]]

 [[ 9.91248250e-01  1.17084414e-01 -6.09755367e-02]
  [-1.11260787e-01  4.92386818e-01 -8.63235772e-01]
  [-7.10478574e-02  8.62465262e-01  5.01104474e-01]]

 [[ 9.57916081e-01  7.46415406e-02  2.77174264e-01]
  [ 2.93099359e-02  9.35119569e-01 -3.53117943e-01]
  [-2.85548359e-01  3.46381277e-01  8.93578351e-01]]

 [[ 9.99683082e-01 -5.95317688e-03 -2.44610514e-02]
  [ 3.35428468e-03  9.94472444e-01 -1.04944110e-01]
  [ 2.49505937e-02  1.04828797e-01  9.94177222e-01]]

 [[ 9.38221335e-01  3.42204124e-01  5.13524376e-02]
  [-3.44369590e-01  9.37910557e-01  4.16346677e-02]
  [-3.39164324e-02 -5.67467473e-02  9.97812390e-01]]

 [[ 9.50462997e-01 -3.08839440e-01 -3.51886749e-02]
  [ 3.09653878e-01  9.50627029e-01  2.05585659e-02]
  [ 2.71020122e-02 -3.04364674e-02  9.99169171e-01]]

 [[ 9.99602139e-01  5.70846349e-03 -2.76227482e-02]
  [-4.53182496e-03  9.99087334e-01  4.24734168e-02]
  [ 2.78399941e-02 -4.23313342e-02  9.98715699e-01]]

 [[ 8.66249084e-01 -4.33218271e-01  2.48866275e-01]
  [ 4.08137947e-01  9.00904953e-01  1.47626877e-01]
  [-2.88159519e-01 -2.63098795e-02  9.57220912e-01]]

 [[ 8.94057155e-01  3.93455029e-01 -2.14137927e-01]
  [-3.54267001e-01  9.13607895e-01  1.99538127e-01]
  [ 2.74147391e-01 -1.02536462e-01  9.56205785e-01]]

 [[ 9.84334946e-01 -1.57416478e-01 -7.94030651e-02]
  [ 1.60163850e-01  9.86650467e-01  2.94676684e-02]
  [ 7.37043768e-02 -4.17235531e-02  9.96406972e-01]]

 [[ 8.99151325e-01  2.08725855e-01 -3.84656042e-01]
  [-1.94466740e-01  9.77953374e-01  7.60916770e-02]
  [ 3.92057955e-01  6.38485607e-03  9.19918299e-01]]

 [[ 8.97609293e-01 -1.51206061e-01  4.14046168e-01]
  [ 1.18237481e-01  9.87492740e-01  1.04297139e-01]
  [-4.24638003e-01 -4.46623042e-02  9.04260874e-01]]

 [[ 9.94018257e-01 -1.09211124e-01 -7.89912941e-04]
  [ 1.08237572e-01  9.84140694e-01  1.40540525e-01]
  [-1.45712029e-02 -1.39785349e-01  9.90074575e-01]]

 [[ 5.74149668e-01  7.36817241e-01 -3.57004941e-01]
  [-6.59131467e-01  6.74624622e-01  3.32306027e-01]
  [ 4.85693127e-01  4.45198044e-02  8.72994900e-01]]

 [[ 4.64873374e-01 -7.11435795e-01  5.27021587e-01]
  [ 6.68496251e-01  6.72333896e-01  3.17930490e-01]
  [-5.80521643e-01  2.04514578e-01  7.88142264e-01]]

 [[ 6.28136218e-01 -2.63531625e-01 -7.32117414e-01]
  [ 4.68443871e-01  8.79358113e-01  8.53796229e-02]
  [ 6.21293128e-01 -3.96585971e-01  6.75806463e-01]]

 [[ 3.07693869e-01  2.64992148e-01  9.13839996e-01]
  [-3.89843881e-01  9.11229849e-01 -1.32973135e-01]
  [-8.67955148e-01 -3.15339923e-01  3.83685410e-01]]

 [[ 9.79147196e-01 -1.91754058e-01  6.70897067e-02]
  [ 1.81793436e-01  9.74445879e-01  1.31933361e-01]
  [-9.06740353e-02 -1.16985731e-01  9.88985598e-01]]

 [[ 9.71227944e-01  2.32838377e-01 -5.00252284e-02]
  [-2.22903490e-01  9.62716460e-01  1.53267696e-01]
  [ 8.38467181e-02 -1.37707084e-01  9.86917615e-01]]

 [[ 9.87897038e-01  1.38614208e-01 -6.96100146e-02]
  [-1.25678286e-01  9.78331506e-01  1.64537162e-01]
  [ 9.09088552e-02 -1.53797314e-01  9.83911574e-01]]

 [[ 9.89204526e-01 -1.38356999e-01  4.82878946e-02]
  [ 1.26432538e-01  9.72395480e-01  1.96116835e-01]
  [-7.40890652e-02 -1.87894493e-01  9.79390860e-01]]]
[ 0.08116625  0.5704595  -0.00817844 -0.530661   -0.10757214 -0.08318303
  0.11911912 -0.02510473 -0.02596255 -0.11911434]