[[[ 0.74407303 -0.10021474 -0.6605393 ]
  [ 0.16247703 -0.93186045  0.32440293]
  [-0.6480405  -0.34870198 -0.67708963]]]
[[[ 0.9633991  -0.22897877 -0.13939518]
  [ 0.26782984  0.844237    0.46425337]
  [ 0.01137841 -0.4845954   0.87466455]]

 [[ 0.9491483   0.14243476  0.28076676]
  [-0.31452373  0.46829316  0.82569754]
  [-0.01387312 -0.8720171   0.48927876]]

 [[ 0.9930642  -0.10649216 -0.04982914]
  [ 0.04752076  0.75119907 -0.6583629 ]
  [ 0.10754209  0.6514287   0.7510495 ]]

 [[ 0.9015461  -0.2646661  -0.3422961 ]
  [-0.01003694  0.77809584 -0.62806547]
  [ 0.43256676  0.5696655   0.69883287]]

 [[ 0.98457354  0.05928575  0.16462146]
  [ 0.07765391  0.6950571  -0.71474856]
  [-0.15679571  0.71650594  0.6797311 ]]

 [[ 0.9982559  -0.04594609  0.03706772]
  [ 0.04349071  0.9969677   0.06452813]
  [-0.03992014 -0.06280349  0.9972271 ]]

 [[ 0.95842326  0.2804474   0.0526703 ]
  [-0.2795759   0.95983857 -0.02339334]
  [-0.05711558  0.00769537  0.9983379 ]]

 [[ 0.9604334  -0.2776952  -0.02128574]
  [ 0.27426815  0.9563275  -0.10106736]
  [ 0.04842206  0.09123047  0.99465185]]

 [[ 0.9998464  -0.01714179  0.00366514]
  [ 0.01700572  0.9992636   0.0343966 ]
  [-0.00425206 -0.03432898  0.9994016 ]]

 [[ 0.9299023  -0.36727855  0.01970409]
  [ 0.35035035  0.9008045   0.2565264 ]
  [-0.11196619 -0.23164114  0.96633637]]

 [[ 0.8982701   0.43847632 -0.02914372]
  [-0.4253714   0.88423926  0.19282164]
  [ 0.11031773 -0.16080901  0.9808009 ]]

 [[ 0.98549575  0.05010453 -0.16213447]
  [-0.01282436  0.9746758   0.22325487]
  [ 0.1692146  -0.21793747  0.9611814 ]]

 [[ 0.97428536  0.14701559 -0.1707471 ]
  [-0.13628271  0.9879746   0.07302862]
  [ 0.17943014 -0.04788082  0.98260486]]

 [[ 0.9504306  -0.2260351   0.21351804]
  [ 0.21624784  0.9739361   0.06844944]
  [-0.22342491 -0.01888361  0.9745382 ]]

 [[ 0.9810282  -0.01312897 -0.19341986]
  [ 0.05579014  0.9746176   0.21681327]
  [ 0.18566386 -0.22349086  0.9568598 ]]

 [[ 0.63208276  0.7239242  -0.27641475]
  [-0.7066732   0.6848656   0.17768534]
  [ 0.31793767  0.08302306  0.9444696 ]]

 [[ 0.6316885  -0.7208703   0.28515896]
  [ 0.74057597  0.6698863   0.05291038]
  [-0.22916563  0.177759    0.9570187 ]]

 [[-0.1252384  -0.30068445 -0.94546497]
  [ 0.43581557  0.83942866 -0.324691  ]
  [ 0.89128    -0.4527122   0.02591427]]

 [[ 0.04491751  0.39939332  0.91567856]
  [-0.3116342   0.8764661  -0.36700305]
  [-0.94913983 -0.26887196  0.16383329]]

 [[ 0.95214856 -0.30229208 -0.04508425]
  [ 0.30537984  0.9469775   0.09988388]
  [ 0.01249967 -0.10887212  0.9939772 ]]

 [[ 0.9477596   0.3120534   0.06613817]
  [-0.31377718  0.94934005  0.01724569]
  [-0.05740604 -0.03709742  0.9976614 ]]

 [[ 0.9722898   0.21783915 -0.08484456]
  [-0.20421953  0.9680847   0.14527996]
  [ 0.1137844  -0.12392731  0.9857459 ]]

 [[ 0.9759698  -0.20089656  0.08440172]
  [ 0.18746525  0.97154343  0.14477594]
  [-0.11108493 -0.12547454  0.98585814]]]
[ 0.11982307  0.4663991  -0.12957694 -0.3140156  -0.12739432  0.01989743
  0.03940427  0.0771364  -0.07025862  0.00468656]