[[[-0.99730045  0.01501199  0.07187866]
  [ 0.01045133 -0.93989325  0.34130836]
  [ 0.07268199  0.34113818  0.93719906]]]
[[[ 0.7250799  -0.64702654 -0.23583013]
  [ 0.5277195   0.302012    0.793915  ]
  [-0.44246048 -0.70010394  0.56043136]]

 [[ 0.7501224   0.63381356  0.18867087]
  [-0.55164653  0.44239435  0.7070879 ]
  [ 0.36469498 -0.63448215  0.68149096]]

 [[ 0.99877995 -0.04927984 -0.00319798]
  [ 0.03035966  0.66380954 -0.74728525]
  [ 0.03894894  0.7462764   0.66449577]]

 [[ 0.9915443   0.06535649 -0.11210877]
  [-0.12974165  0.51683325 -0.84619755]
  [ 0.00263704  0.8535876   0.5209425 ]]

 [[ 0.9655767   0.07387918  0.24940631]
  [ 0.09273754  0.79803807 -0.59542847]
  [-0.2430255   0.59806114  0.76371557]]

 [[ 0.9997502  -0.02193396 -0.00431277]
  [ 0.02172415  0.99880326 -0.04381982]
  [ 0.00526875  0.04371517  0.99903023]]

 [[ 0.9328768   0.33537558  0.13139254]
  [-0.3473243   0.9342005   0.08145617]
  [-0.09542858 -0.1216244   0.9879781 ]]

 [[ 0.9390026  -0.33489832 -0.0782131 ]
  [ 0.33974555  0.9386094   0.05987777]
  [ 0.05335858 -0.08279793  0.99513686]]

 [[ 0.9997942   0.01208927 -0.0162887 ]
  [-0.01119524  0.9984834   0.05390238]
  [ 0.01691564 -0.05370894  0.99841326]]

 [[ 0.87519115 -0.43782297  0.20579448]
  [ 0.41829795  0.89855736  0.13274589]
  [-0.24303736 -0.03009463  0.9695499 ]]

 [[ 0.88445514  0.43414712 -0.17104219]
  [-0.41079313  0.89829993  0.15590459]
  [ 0.22133271 -0.06762766  0.9728506 ]]

 [[ 0.998526    0.01711484 -0.05150574]
  [-0.00341893  0.9669299   0.25501925]
  [ 0.05416705 -0.25446728  0.9655632 ]]

 [[ 0.897428    0.19120988 -0.39757   ]
  [-0.16464889  0.98124284  0.10026616]
  [ 0.4092846  -0.02452219  0.91207725]]

 [[ 0.86501    -0.2039006   0.45845628]
  [ 0.16332984  0.9783677   0.12696481]
  [-0.474427   -0.03494624  0.8796009 ]]

 [[ 0.9993253  -0.01172365 -0.03480798]
  [ 0.01832999  0.9804264   0.19603096]
  [ 0.03182847 -0.1965367   0.97997975]]

 [[ 0.7797038   0.5592833  -0.28153887]
  [-0.47981456  0.82256514  0.30522862]
  [ 0.40229335 -0.10290147  0.90970945]]

 [[ 0.69849384 -0.587787    0.4081823 ]
  [ 0.5154135   0.8089143   0.28285438]
  [-0.49644262  0.01281061  0.867975  ]]

 [[ 0.7896315  -0.23052616 -0.56862986]
  [ 0.38538477  0.907468    0.16727372]
  [ 0.47745237 -0.35122585  0.8054066 ]]

 [[ 0.8119308   0.1730506   0.5575141 ]
  [-0.26860312  0.95869225  0.0936028 ]
  [-0.5182864  -0.22574902  0.8248737 ]]

 [[ 0.9853877  -0.16464975  0.04360672]
  [ 0.1654287   0.9861095  -0.01487676]
  [-0.04055155  0.02187318  0.99893796]]

 [[ 0.9817516   0.1849582  -0.04420577]
  [-0.18486895  0.9827441   0.00613405]
  [ 0.04457749  0.00215016  0.99900365]]

 [[ 0.9910332   0.11501864 -0.06799918]
  [-0.10094681  0.97793084  0.18292321]
  [ 0.08753809 -0.17441869  0.9807727 ]]

 [[ 0.9915888  -0.11087159  0.0667766 ]
  [ 0.09532852  0.9746083   0.20261103]
  [-0.08754483 -0.19454113  0.97697985]]]
[ 0.07808819  0.35810432 -0.08286756 -0.3514969  -0.08423215 -0.01653355
  0.08323663 -0.02049324  0.05063628 -0.04639757]