[[[-0.9976198   0.01117575  0.06804287]
  [ 0.01283127 -0.93945616  0.34242898]
  [ 0.06775019  0.342487    0.9370767 ]]]
[[[ 7.23462701e-01 -6.47832751e-01 -2.38567203e-01]
  [ 5.26382744e-01  2.94047356e-01  7.97782660e-01]
  [-4.46679711e-01 -7.02743769e-01  5.53740263e-01]]

 [[ 7.53251255e-01  6.29015326e-01  1.92229763e-01]
  [-5.50487578e-01  4.42956090e-01  7.07639217e-01]
  [ 3.59966546e-01 -6.38850272e-01  6.79922342e-01]]

 [[ 9.98854578e-01 -4.73409705e-02 -6.96224719e-03]
  [ 2.60949098e-02  6.60885155e-01 -7.50033319e-01]
  [ 4.01085392e-02  7.48992443e-01  6.61363542e-01]]

 [[ 9.91586745e-01  6.87494278e-02 -1.09677739e-01]
  [-1.29440919e-01  5.21026611e-01 -8.43668342e-01]
  [-8.56674567e-04  8.50767195e-01  5.25542080e-01]]

 [[ 9.63879704e-01  7.73392543e-02  2.54861593e-01]
  [ 9.21524465e-02  8.00965607e-01 -5.91575742e-01]
  [-2.49887437e-01  5.93694031e-01  7.64907479e-01]]

 [[ 9.99658644e-01 -2.42729373e-02 -9.66012198e-03]
  [ 2.38144752e-02  9.98701394e-01 -4.50383350e-02]
  [ 1.07407905e-02  4.47929129e-02  9.98938501e-01]]

 [[ 9.31306541e-01  3.39845091e-01  1.31047755e-01]
  [-3.51121008e-01  9.33330834e-01  7.48839900e-02]
  [-9.68619585e-02 -1.15753561e-01  9.88543868e-01]]

 [[ 9.38659608e-01 -3.35906535e-01 -7.80059472e-02]
  [ 3.40711027e-01  9.38289165e-01  5.94079345e-02]
  [ 5.32366335e-02 -8.23413134e-02  9.95181203e-01]]

 [[ 9.99683559e-01  1.13913035e-02 -2.24270578e-02]
  [-1.02350898e-02  9.98645663e-01  5.10108769e-02]
  [ 2.29777638e-02 -5.07651940e-02  9.98446226e-01]]

 [[ 8.73338759e-01 -4.41506535e-01  2.05794543e-01]
  [ 4.21805352e-01  8.96753550e-01  1.33840397e-01]
  [-2.43638411e-01 -3.00827660e-02  9.69399452e-01]]

 [[ 8.84981275e-01  4.33038712e-01 -1.71130702e-01]
  [-4.09770966e-01  8.98850381e-01  1.55421391e-01]
  [ 2.21124351e-01 -6.74206167e-02  9.72912431e-01]]

 [[ 9.98925984e-01  8.31309427e-03 -4.55834642e-02]
  [ 3.18682450e-03  9.69118297e-01  2.46575803e-01]
  [ 4.62255739e-02 -2.46456236e-01  9.68050957e-01]]

 [[ 8.97477448e-01  1.85282961e-01 -4.00255769e-01]
  [-1.58077449e-01  9.82321799e-01  1.00277200e-01]
  [ 4.11759555e-01 -2.67250948e-02  9.10900712e-01]]

 [[ 8.69374573e-01 -2.05150619e-01  4.49556530e-01]
  [ 1.62924677e-01  9.77879882e-01  1.31173894e-01]
  [-4.66522634e-01 -4.07954082e-02  8.83567989e-01]]

 [[ 9.99453008e-01 -1.07957823e-02 -3.12585793e-02]
  [ 1.67313050e-02  9.80388105e-01  1.96365148e-01]
  [ 2.85256207e-02 -1.96780741e-01  9.80032444e-01]]

 [[ 7.90656507e-01  5.42373240e-01 -2.84066200e-01]
  [-4.61259246e-01  8.32766294e-01  3.06170046e-01]
  [ 4.02619213e-01 -1.11047141e-01  9.08606768e-01]]

 [[ 6.93638265e-01 -5.92308164e-01  4.09923106e-01]
  [ 5.20233750e-01  8.05542409e-01  2.83651680e-01]
  [-4.98219699e-01  1.65041368e-02  8.66893709e-01]]

 [[ 7.96828806e-01 -2.22665325e-01 -5.61679661e-01]
  [ 3.77712339e-01  9.09152210e-01  1.75429866e-01]
  [ 4.71590161e-01 -3.51940870e-01  8.08542132e-01]]

 [[ 7.95455337e-01  1.78691447e-01  5.79068422e-01]
  [-2.75585502e-01  9.57683086e-01  8.30405802e-02]
  [-5.39725363e-01 -2.25637913e-01  8.11038911e-01]]

 [[ 9.85094011e-01 -1.66434199e-01  4.34668064e-02]
  [ 1.67450145e-01  9.85659897e-01 -2.08588373e-02]
  [-3.93718630e-02  2.78264433e-02  9.98837113e-01]]

 [[ 9.81549740e-01  1.85847297e-01 -4.49541099e-02]
  [-1.85351595e-01  9.82557952e-01  1.49914138e-02]
  [ 4.69561294e-02 -6.38250308e-03  9.98876572e-01]]

 [[ 9.91351068e-01  1.13127656e-01 -6.65227845e-02]
  [-9.92376506e-02  9.77885723e-01  1.84095964e-01]
  [ 8.58780295e-02 -1.75902143e-01  9.80654597e-01]]

 [[ 9.91631866e-01 -1.09495282e-01  6.83880076e-02]
  [ 9.38485637e-02  9.75180447e-01  2.00538322e-01]
  [-8.86486396e-02 -1.92442104e-01  9.77295995e-01]]]
[ 0.08730035  0.3527183  -0.09550482 -0.3515704  -0.08614874 -0.01539716
  0.08353989 -0.01236838  0.04762618 -0.04180306]