[[[-0.7695659  -0.19599777 -0.6077443 ]
  [ 0.16864447 -0.98032194  0.10260544]
  [-0.61589557 -0.02353108  0.78747624]]]
[[[ 0.88193077 -0.4649566  -0.07754634]
  [ 0.37958595  0.60297424  0.701667  ]
  [-0.27948627 -0.64825726  0.7082725 ]]

 [[ 0.95148414  0.25715792  0.16896077]
  [-0.21639462  0.16886447  0.96159154]
  [ 0.2187494  -0.9515013   0.21631946]]

 [[ 0.9969393   0.01536276 -0.07665559]
  [-0.07580096  0.42997938 -0.89965105]
  [ 0.01913919  0.902708    0.42982787]]

 [[ 0.9786354  -0.03536894 -0.20253858]
  [-0.05202342  0.91043955 -0.41035768]
  [ 0.19891305  0.4121273   0.88914835]]

 [[ 0.9393831  -0.3421432   0.02230202]
  [ 0.06142772  0.10394857 -0.9926838 ]
  [ 0.33732182  0.93388045  0.11866461]]

 [[ 0.99695694  0.07279002  0.0279018 ]
  [-0.07430238  0.9955672   0.05766383]
  [-0.02358077 -0.05956153  0.9979461 ]]

 [[ 0.92466724  0.326951    0.19517565]
  [-0.30263832  0.9421042  -0.14439401]
  [-0.23108557  0.07444878  0.9700808 ]]

 [[ 0.9759577  -0.15034796 -0.15780395]
  [ 0.16005017  0.9858102   0.05061745]
  [ 0.14795452 -0.07465704  0.98617226]]

 [[ 0.9984781   0.04363656 -0.0337252 ]
  [-0.04447195  0.99871194 -0.02442991]
  [ 0.03261572  0.02589256  0.99913263]]

 [[ 0.9207349  -0.38731214  0.04729273]
  [ 0.38041118  0.9180079   0.1120213 ]
  [-0.08680231 -0.08515124  0.99257976]]

 [[ 0.97697324  0.20051427 -0.07291976]
  [-0.19305678  0.97628033  0.09800941]
  [ 0.09084241 -0.08167492  0.9925104 ]]

 [[ 0.9977465  -0.06365563  0.02120881]
  [ 0.06374337  0.9979602  -0.0034859 ]
  [-0.02094365  0.00482997  0.999769  ]]

 [[ 0.8617409  -0.05318558 -0.5045533 ]
  [ 0.10704042  0.9911638   0.07833759]
  [ 0.4959285  -0.12151429  0.85981935]]

 [[ 0.78947496  0.16044956  0.59244   ]
  [-0.25234586  0.96472645  0.07499631]
  [-0.5595094  -0.20870751  0.80211616]]

 [[ 0.9997881  -0.01443946  0.01467177]
  [ 0.00837984  0.93648046  0.3506197 ]
  [-0.01880259 -0.35042247  0.93640304]]

 [[ 0.89398706  0.31941596 -0.31426194]
  [-0.18405369  0.9011946   0.39239338]
  [ 0.40854788 -0.29295355  0.864446  ]]

 [[ 0.7322823  -0.48953703  0.4734091 ]
  [ 0.32488662  0.8620876   0.38891333]
  [-0.5985076  -0.13099006  0.79033554]]

 [[ 0.8666273  -0.16698197 -0.47018534]
  [ 0.3153879   0.91353405  0.2568776 ]
  [ 0.38663635 -0.3709079   0.8443576 ]]

 [[ 0.7739236   0.11350989  0.6230231 ]
  [-0.12508759  0.99182266 -0.02531756]
  [-0.62080216 -0.05833862  0.7817936 ]]

 [[ 0.95075995 -0.30794084  0.03504225]
  [ 0.30947092  0.9371293  -0.16129602]
  [ 0.01683052  0.16419835  0.9862838 ]]

 [[ 0.9640543   0.2654341   0.01200392]
  [-0.26186576  0.9568054  -0.12629217]
  [-0.04500766  0.11860909  0.9919205 ]]

 [[ 0.9943718   0.08275272 -0.06615714]
  [-0.06535423  0.9705787   0.23174538]
  [ 0.08338826 -0.2261174   0.97052425]]

 [[ 0.99403936 -0.06449907  0.08789557]
  [ 0.04937022  0.9851308   0.1645598 ]
  [-0.09720258 -0.1592395   0.9824431 ]]]
[ 0.26332566  0.27388144 -0.23137039 -0.33258948 -0.07814091 -0.03897571
  0.16716689 -0.02160051 -0.09494776  0.01215011]