[[[ 0.7439298  -0.10951883 -0.6592223 ]
  [ 0.17284809 -0.9213737   0.3481293 ]
  [-0.6455168  -0.3729291  -0.66650724]]]
[[[ 0.952575   -0.26757956 -0.14492047]
  [ 0.298528    0.72937185  0.6155467 ]
  [-0.05900681 -0.6296173   0.77466136]]

 [[ 0.93830115  0.18075027  0.29482242]
  [-0.3387341   0.3086892   0.8888027 ]
  [ 0.06964284 -0.93383104  0.35086972]]

 [[ 0.9968458  -0.05594608 -0.05628925]
  [-0.01062528  0.60879856 -0.7932537 ]
  [ 0.07864825  0.7913497   0.60628384]]

 [[ 0.94858783 -0.18728572 -0.25515702]
  [-0.03042346  0.7484635  -0.6624778 ]
  [ 0.31504837  0.6361812   0.7042855 ]]

 [[ 0.99433875  0.01684358  0.10491262]
  [ 0.05047171  0.7939888  -0.60583365]
  [-0.09350384  0.60769904  0.7886437 ]]

 [[ 0.9976729  -0.06398672  0.02354524]
  [ 0.06237565  0.9960142   0.06375705]
  [-0.027531   -0.06214004  0.9976876 ]]

 [[ 0.96456033  0.26242554  0.02750137]
  [-0.26271412  0.96484536  0.00740083]
  [-0.0245924  -0.01436354  0.99959445]]

 [[ 0.9374073  -0.34795684 -0.01391053]
  [ 0.33991903  0.9229695  -0.18050604]
  [ 0.07564731  0.16447924  0.9834755 ]]

 [[ 0.99829763 -0.05821247 -0.00361153]
  [ 0.05830917  0.9975365   0.03899918]
  [ 0.00133239 -0.03914338  0.99923265]]

 [[ 0.9394732  -0.32601053  0.10539076]
  [ 0.30035445  0.9316481   0.20449702]
  [-0.16485527 -0.1604649   0.97317713]]

 [[ 0.8696744   0.49208146 -0.0390179 ]
  [-0.4813074   0.8628665   0.15428708]
  [ 0.10958906 -0.1153999   0.98725533]]

 [[ 0.9847494  -0.01702097 -0.17314427]
  [ 0.05719693  0.97155666  0.22979563]
  [ 0.16430813 -0.23619443  0.95771337]]

 [[ 0.90210265  0.13524316 -0.40978062]
  [-0.11036748  0.9903445   0.0838852 ]
  [ 0.4171689  -0.03044661  0.9083189 ]]

 [[ 0.9452231  -0.18544187  0.26863474]
  [ 0.16344328  0.981238    0.10226613]
  [-0.282559   -0.05275776  0.95779806]]

 [[ 0.9831572  -0.05568603 -0.17407158]
  [ 0.10150936  0.9584116   0.26672664]
  [ 0.15197927 -0.27990413  0.94792193]]

 [[ 0.61447424  0.6366796  -0.4658975 ]
  [-0.5777372   0.76528406  0.28383094]
  [ 0.5372533   0.09475951  0.8380808 ]]

 [[ 0.78696847 -0.5713978   0.23277718]
  [ 0.57157445  0.8172341   0.07369556]
  [-0.23234293  0.07505342  0.96973383]]

 [[-0.15834576 -0.29034144 -0.9437311 ]
  [ 0.3783635   0.8649882  -0.32960042]
  [ 0.912013   -0.4092642  -0.02711261]]

 [[-0.3406114   0.41527832  0.8435211 ]
  [-0.3751503   0.7626266  -0.52693737]
  [-0.8621173  -0.49592805 -0.10396753]]

 [[ 0.9325096  -0.35522175 -0.06514188]
  [ 0.35772762  0.93329084  0.03161119]
  [ 0.04956733 -0.05278078  0.9973753 ]]

 [[ 0.9109269   0.39986005  0.10160832]
  [-0.39672023  0.9165596  -0.05031548]
  [-0.11324923  0.00552365  0.9935513 ]]

 [[ 0.9778501   0.18834029 -0.09130789]
  [-0.17341451  0.9732908   0.15044108]
  [ 0.11720324 -0.13127472  0.9843934 ]]

 [[ 0.97374046 -0.20815177  0.09220764]
  [ 0.19345419  0.9700518   0.14688385]
  [-0.12002033 -0.1251888   0.98484653]]]
[ 0.22678345  0.5444844  -0.12345134 -0.32004628 -0.11449724 -0.05928757
 -0.02004567  0.10581078 -0.06604603  0.00339651]