[[[ 0.7314244  -0.00873133 -0.68186665]
  [ 0.16527197 -0.9678367   0.18967706]
  [-0.66159165 -0.2514279  -0.7064563 ]]]
[[[ 9.69964325e-01 -1.83734432e-01 -1.59408107e-01]
  [ 2.34889984e-01  8.77784848e-01  4.17517155e-01]
  [ 6.32137358e-02 -4.42420065e-01  8.94577384e-01]]

 [[ 9.84162092e-01  1.09440729e-01  1.39454991e-01]
  [-1.77230835e-01  5.90724170e-01  7.87168384e-01]
  [ 3.76884709e-03 -7.99417019e-01  6.00764632e-01]]

 [[ 9.99200404e-01 -3.91101688e-02  8.30051024e-03]
  [ 3.51842903e-02  7.61554360e-01 -6.47145271e-01]
  [ 1.89886708e-02  6.46919847e-01  7.62321472e-01]]

 [[ 9.04507637e-01 -2.81577289e-01 -3.20281327e-01]
  [-1.74605008e-02  7.25945950e-01 -6.87530041e-01]
  [ 4.26099807e-01  6.27468467e-01  6.51707172e-01]]

 [[ 9.89695728e-01 -1.17602460e-01  8.16824064e-02]
  [ 1.32096142e-01  5.29768705e-01 -8.37792158e-01]
  [ 5.52536361e-02  8.39949250e-01  5.39844632e-01]]

 [[ 9.93119001e-01 -9.53278542e-02  6.80244267e-02]
  [ 9.16749015e-02  9.94271874e-01  5.49467243e-02]
  [-7.28727281e-02 -4.83324975e-02  9.96169448e-01]]

 [[ 9.65880811e-01  2.27827013e-01  1.23163000e-01]
  [-2.25266173e-01  9.73685563e-01 -3.45200747e-02]
  [-1.27786636e-01  5.59782051e-03  9.91785944e-01]]

 [[ 9.77533698e-01 -1.74883485e-01 -1.17659099e-01]
  [ 1.67944327e-01  9.83545065e-01 -6.65868968e-02]
  [ 1.27367973e-01  4.53307554e-02  9.90819156e-01]]

 [[ 9.97708857e-01 -6.15823716e-02  2.80128960e-02]
  [ 6.19579032e-02  9.97997403e-01 -1.27399787e-02]
  [-2.71722414e-02  1.44464094e-02  9.99526381e-01]]

 [[ 9.41170275e-01 -3.36860240e-01 -2.69042142e-02]
  [ 3.32756966e-01  9.09932256e-01  2.47580662e-01]
  [-5.89190610e-02 -2.41968095e-01  9.68493760e-01]]

 [[ 9.59531367e-01  2.81601250e-01 -5.62869129e-04]
  [-2.74819821e-01  9.36856568e-01  2.16272786e-01]
  [ 6.14300109e-02 -2.07365826e-01  9.76332843e-01]]

 [[ 9.95322645e-01 -7.93887861e-03 -9.62800756e-02]
  [ 1.91346593e-02  9.93073642e-01  1.15925156e-01]
  [ 9.46928859e-02 -1.17225215e-01  9.88580585e-01]]

 [[ 9.72136855e-01  2.26616606e-01  5.99575453e-02]
  [-2.28693545e-01  9.73026454e-01  3.03126667e-02]
  [-5.14709204e-02 -4.31799628e-02  9.97740626e-01]]

 [[ 9.07023847e-01 -4.04832244e-01  1.15838505e-01]
  [ 3.97850275e-01  9.14029539e-01  7.91526511e-02]
  [-1.37923360e-01 -2.57069636e-02  9.90109205e-01]]

 [[ 9.74837542e-01 -2.06300132e-02 -2.21959755e-01]
  [ 3.23285982e-02  9.98265505e-01  4.92022038e-02]
  [ 2.20559716e-01 -5.51398098e-02  9.73813653e-01]]

 [[ 6.75969481e-01  7.33791471e-01 -6.79359660e-02]
  [-7.30882168e-01  6.79353356e-01  6.54987097e-02]
  [ 9.42149311e-02  5.37806237e-03  9.95537221e-01]]

 [[ 6.00491822e-01 -7.49847293e-01  2.77738392e-01]
  [ 7.59423912e-01  6.43544495e-01  9.55294445e-02]
  [-2.50369489e-01  1.53556526e-01  9.55895185e-01]]

 [[ 3.04645211e-01 -3.30842197e-01 -8.93159926e-01]
  [ 4.70213056e-01  8.67735803e-01 -1.61041111e-01]
  [ 8.28306079e-01 -3.70915055e-01  4.19917881e-01]]

 [[ 2.39760011e-01  4.06257719e-01  8.81742537e-01]
  [-3.51934940e-01  8.82826865e-01 -3.11060548e-01]
  [-9.04796660e-01 -2.35736102e-01  3.54642868e-01]]

 [[ 9.75095153e-01 -2.21773386e-01 -2.44602025e-03]
  [ 2.21152171e-01  9.71411824e-01  8.63176659e-02]
  [-1.67668685e-02 -8.47088844e-02  9.96264637e-01]]

 [[ 9.63091433e-01  2.67125845e-01  3.31472605e-02]
  [-2.67374396e-01  9.63587344e-01  3.22528183e-03]
  [-3.10787242e-02 -1.19689703e-02  9.99445319e-01]]

 [[ 9.64879632e-01  2.44997069e-01 -9.47826281e-02]
  [-2.26771429e-01  9.58956659e-01  1.70225710e-01]
  [ 1.32597238e-01 -1.42753333e-01  9.80836093e-01]]

 [[ 9.73114729e-01 -2.20058128e-01  6.79861084e-02]
  [ 2.08581015e-01  9.67184365e-01  1.45080969e-01]
  [-9.76813361e-02 -1.26999825e-01  9.87081289e-01]]]
[ 2.1664037e-01  4.9925166e-01 -2.5153354e-01 -3.6142978e-01
 -1.1985564e-01  1.2194071e-02 -3.0669570e-04  8.8320673e-02
 -4.3224990e-02 -4.3571591e-03]