[[[ 0.7352611  -0.07016686 -0.6741423 ]
  [ 0.1702545  -0.9436162   0.28390458]
  [-0.6560523  -0.3235197  -0.68185806]]]
[[[ 0.9683824  -0.20017383 -0.14888239]
  [ 0.24507532  0.8748666   0.41778758]
  [ 0.0466221  -0.44106555  0.8962631 ]]

 [[ 0.96362215  0.11157438  0.242865  ]
  [-0.26283056  0.5604962   0.78534335]
  [-0.04850073 -0.8206067   0.5694317 ]]

 [[ 0.99469763 -0.09912729 -0.02739452]
  [ 0.06159689  0.7875495  -0.6131653 ]
  [ 0.08235595  0.6082266   0.78947955]]

 [[ 0.89927065 -0.2821896  -0.3341878 ]
  [-0.02205691  0.7338157  -0.6789904 ]
  [ 0.4368363   0.6179672   0.6536747 ]]

 [[ 0.98422027  0.06778613  0.16344881]
  [ 0.0748762   0.6773904  -0.7318032 ]
  [-0.16032475  0.73249394  0.6616258 ]]

 [[ 0.99780434 -0.04476632  0.04881249]
  [ 0.04291199  0.9983407   0.03839741]
  [-0.05045041 -0.03621845  0.9980697 ]]

 [[ 0.966845    0.2512194   0.04582085]
  [-0.24846339  0.96688193 -0.05835456]
  [-0.05896315  0.04503501  0.99724376]]

 [[ 0.971076   -0.23467465 -0.04403633]
  [ 0.23111568  0.9701446  -0.07351788]
  [ 0.05997439  0.06121397  0.99632114]]

 [[ 0.9997297  -0.01736728  0.015454  ]
  [ 0.01726474  0.9998282   0.00674363]
  [-0.01556847 -0.006475    0.9998578 ]]

 [[ 0.93703    -0.34851685  0.02260102]
  [ 0.32915667  0.9029047   0.27643996]
  [-0.11675055 -0.25159326  0.9607654 ]]

 [[ 0.9216548   0.38800442 -0.00220769]
  [-0.37928626  0.9021166   0.20573662]
  [ 0.08181833 -0.18878083  0.97860485]]

 [[ 0.9957385   0.07446223  0.05440817]
  [-0.08408559  0.9753476   0.20402604]
  [-0.03787465 -0.20773152  0.97745234]]

 [[ 0.97973436  0.16686022 -0.11080752]
  [-0.15963511  0.98460394  0.07121566]
  [ 0.12098458 -0.05208365  0.99128705]]

 [[ 0.93916684 -0.2982692   0.17029743]
  [ 0.29404226  0.9544771   0.05012644]
  [-0.17749617  0.00299755  0.984117  ]]

 [[ 0.9966246   0.0650671  -0.05005679]
  [-0.05463575  0.98081374  0.1871349 ]
  [ 0.0612727  -0.18376836  0.98105806]]

 [[ 0.6095837   0.7573657  -0.2341046 ]
  [-0.74604934  0.6479422   0.15356223]
  [ 0.26798898  0.08104455  0.9600072 ]]

 [[ 0.5068686  -0.8094701   0.29638207]
  [ 0.84076804  0.5401114   0.03726642]
  [-0.19024538  0.23029938  0.9543421 ]]

 [[ 0.06174396 -0.32011366 -0.945365  ]
  [ 0.4538618   0.8525846  -0.25905415]
  [ 0.8889303  -0.41307005  0.19792931]]

 [[ 0.08961126  0.41309366  0.906269  ]
  [-0.3015379   0.87847775 -0.37061003]
  [-0.9492337  -0.24006364  0.20328489]]

 [[ 0.9588817  -0.28288707 -0.02282248]
  [ 0.28347257  0.9507545   0.1253368 ]
  [-0.01375759 -0.1266527   0.9918518 ]]

 [[ 0.9623716   0.26526263  0.05896432]
  [-0.2701814   0.9572496   0.10332116]
  [-0.02903633 -0.1153644   0.9928988 ]]

 [[ 0.9721046   0.2216519  -0.07670086]
  [-0.20899148  0.9670012   0.14570963]
  [ 0.10646663 -0.12561518  0.9863497 ]]

 [[ 0.9735749  -0.21627505  0.07332916]
  [ 0.20501131  0.96918195  0.13658987]
  [-0.10061027 -0.11794715  0.98791003]]]
[ 0.09595266  0.48083085 -0.18203157 -0.32641366 -0.10272771  0.02558288
  0.03232288  0.08016875 -0.01610948 -0.021667  ]