[[[ 0.5729504  -0.03413039 -0.81887907]
  [ 0.06552859 -0.9940263   0.08727925]
  [-0.81696624 -0.10366667 -0.56729126]]]
[[[ 0.9889833  -0.12717132 -0.0757598 ]
  [ 0.14802146  0.85416836  0.4984839 ]
  [ 0.00131877 -0.5042063   0.8635823 ]]

 [[ 0.98479885  0.13793786  0.10556703]
  [-0.16620556  0.57173073  0.8034299 ]
  [ 0.05046748 -0.8087626   0.5859658 ]]

 [[ 0.9976956  -0.06234517 -0.02676929]
  [ 0.02821854  0.74008113 -0.6719254 ]
  [ 0.06170275  0.6696216   0.740135  ]]

 [[ 0.98743784 -0.03354231 -0.15440689]
  [-0.04382742  0.88072264 -0.4716002 ]
  [ 0.1518082   0.4724431   0.8681888 ]]

 [[ 0.9852548  -0.16756755 -0.03455386]
  [ 0.11146959  0.78189415 -0.61336464]
  [ 0.12979746  0.6004688   0.78904366]]

 [[ 0.9951774  -0.08973692  0.03961308]
  [ 0.08651865  0.993301    0.07660043]
  [-0.0462216  -0.07280375  0.9962746 ]]

 [[ 0.96227586  0.21354462  0.1685939 ]
  [-0.19883874  0.9749217  -0.09995373]
  [-0.18571045  0.06266005  0.9806046 ]]

 [[ 0.9592093  -0.21689501 -0.18131201]
  [ 0.18854731  0.96871936 -0.16134657]
  [ 0.21063572  0.12057924  0.9700996 ]]

 [[ 0.9988256  -0.04772239  0.00836623]
  [ 0.04796686  0.99833703 -0.03197231]
  [-0.00682652  0.03233606  0.99945366]]

 [[ 0.94913113 -0.31486586  0.00309764]
  [ 0.30960548  0.9349772   0.17309575]
  [-0.05739816 -0.16333151  0.9849001 ]]

 [[ 0.94836557  0.31303382  0.05111244]
  [-0.31717548  0.9351754   0.15762822]
  [ 0.00154387 -0.1657008   0.9861748 ]]

 [[ 0.9959618   0.05796298 -0.06855828]
  [-0.05344556  0.99638826  0.06598576]
  [ 0.07213538 -0.06205517  0.9954625 ]]

 [[ 0.9961044   0.08220759 -0.03190585]
  [-0.08241052  0.9965854  -0.00509641]
  [ 0.03137794  0.00770593  0.9994779 ]]

 [[ 0.96121824 -0.19719172  0.19280782]
  [ 0.19621255  0.9802588   0.02435518]
  [-0.19380422  0.01442066  0.98093414]]

 [[ 0.9793421   0.0248383  -0.20067902]
  [-0.01725672  0.99907285  0.03944125]
  [ 0.20147263 -0.03516342  0.97886276]]

 [[ 0.7099458   0.7007602  -0.0700862 ]
  [-0.7028247   0.7113278  -0.00709401]
  [ 0.04488306  0.05429466  0.99751574]]

 [[ 0.71636087 -0.6404566   0.27684355]
  [ 0.6656443   0.74625844  0.00399003]
  [-0.20915228  0.18142104  0.9609066 ]]

 [[ 0.44307977 -0.23371981 -0.8654798 ]
  [ 0.24637559  0.9599899  -0.13311067]
  [ 0.8619625  -0.15425448  0.48293495]]

 [[ 0.12727839  0.33512607  0.93353665]
  [-0.17460178  0.93406403 -0.31151018]
  [-0.9763782  -0.12334865  0.17739977]]

 [[ 0.9774211  -0.19785702 -0.07416531]
  [ 0.20130992  0.97861266  0.04232726]
  [ 0.06420437 -0.05630177  0.99634725]]

 [[ 0.9530459   0.28443924  0.10391251]
  [-0.28113842  0.9585904  -0.04545058]
  [-0.11253745  0.0141027   0.99354744]]

 [[ 0.9700332   0.2215948  -0.09965537]
  [-0.19941632  0.9604178   0.19450143]
  [ 0.1388113  -0.16879997  0.9758268 ]]

 [[ 0.9753902  -0.21267189  0.05817746]
  [ 0.198499    0.96186596  0.18818082]
  [-0.09597969 -0.17200157  0.9804098 ]]]
[ 0.31880978  0.57141596 -0.16808961 -0.4605421  -0.20313829  0.09516058
  0.06254002  0.05336201 -0.08026177  0.02111131]