[[[-0.995367   -0.09591013  0.00676723]
  [ 0.0951541  -0.972532    0.21243165]
  [-0.013793    0.21209139  0.97715247]]]
[[[ 0.7103688  -0.64600974 -0.2793699 ]
  [ 0.54892486  0.26007816  0.7943808 ]
  [-0.44051972 -0.71765643  0.5393622 ]]

 [[ 0.7730732   0.6341036  -0.01644646]
  [-0.533639    0.66416997  0.52355295]
  [ 0.34291005 -0.39596823  0.8518344 ]]

 [[ 0.99815625  0.05932108  0.01284833]
  [-0.0372442   0.76574737 -0.6420621 ]
  [-0.04792639  0.6403998   0.7665449 ]]

 [[ 0.9913342   0.11631355 -0.06105449]
  [-0.11111721  0.49456763 -0.8620069 ]
  [-0.07006748  0.86132115  0.50320625]]

 [[ 0.9578418   0.07402544  0.27759558]
  [ 0.0294734   0.935818   -0.35124907]
  [-0.28578034  0.3446227   0.8941839 ]]

 [[ 0.9996909  -0.00629575 -0.02405455]
  [ 0.00367535  0.9942021  -0.10746524]
  [ 0.02459166  0.1073436   0.9939179 ]]

 [[ 0.9385977   0.34117052  0.05135337]
  [-0.3433262   0.9383062   0.04133574]
  [-0.03408265 -0.05642857  0.9978248 ]]

 [[ 0.9503334  -0.3093088  -0.03456041]
  [ 0.31007028  0.95051795  0.01928769]
  [ 0.02688444 -0.0290459   0.99921644]]

 [[ 0.999612    0.00481926 -0.02743403]
  [-0.00365883  0.9991028   0.04219318]
  [ 0.02761276 -0.04207643  0.99873275]]

 [[ 0.8665838  -0.43214902  0.24955894]
  [ 0.40683055  0.9014007   0.14820819]
  [-0.28900063 -0.02690662  0.95695066]]

 [[ 0.8937987   0.39381173 -0.21456058]
  [-0.35444126  0.9134307   0.20003955]
  [ 0.27476415 -0.10274596  0.9560063 ]]

 [[ 0.98389184 -0.15948628 -0.08075202]
  [ 0.16181932  0.9865481   0.02317977]
  [ 0.07596889 -0.03587362  0.9964646 ]]

 [[ 0.899336    0.20847787 -0.3843589 ]
  [-0.1941366   0.9780083   0.07622838]
  [ 0.39179814  0.00606321  0.9200312 ]]

 [[ 0.8983075  -0.15382785  0.41155875]
  [ 0.12140353  0.9871424   0.10397613]
  [-0.42226154 -0.04343785  0.90543264]]

 [[ 0.99362695 -0.11267259 -0.00321685]
  [ 0.11210183  0.9848074   0.13261795]
  [-0.01177443 -0.1321334   0.99116194]]

 [[ 0.57289827  0.736078   -0.36052293]
  [-0.6588669   0.67522407  0.3316126 ]
  [ 0.4875265   0.04755634  0.8718121 ]]

 [[ 0.46589696 -0.71136653  0.5262107 ]
  [ 0.66979194  0.67213506  0.3156158 ]
  [-0.5782032   0.20540723  0.78961325]]

 [[ 0.6223766  -0.26186138 -0.7376151 ]
  [ 0.46755385  0.8801488   0.08204488]
  [ 0.62772673 -0.39593756  0.67021835]]

 [[ 0.3057186   0.26372012  0.91487026]
  [-0.3883067   0.91186804 -0.13309579]
  [-0.86934114 -0.3145604   0.3811793 ]]

 [[ 0.9792639  -0.19139934  0.06639608]
  [ 0.18133456  0.9742506   0.13399127]
  [-0.09033225 -0.11917292  0.98875576]]

 [[ 0.9715613   0.23153687 -0.04959267]
  [-0.22158335  0.9628511   0.1543322 ]
  [ 0.08348396 -0.13895428  0.9867736 ]]

 [[ 0.9878825   0.13877153 -0.069503  ]
  [-0.1259098   0.9784094   0.16389592]
  [ 0.09074647 -0.1531588   0.98402625]]

 [[ 0.989252   -0.13836499  0.04728198]
  [ 0.12665066  0.9724225   0.19584198]
  [-0.07307573 -0.18774879  0.97949487]]]
[ 0.07813518  0.5725159  -0.00957799 -0.5308322  -0.10680223 -0.08343904
  0.11895329 -0.02570835 -0.02615537 -0.11942342]