[[[-0.98322755 -0.10103253 -0.15184224]
  [ 0.06110239 -0.9669077   0.24770166]
  [-0.17184335  0.23426916  0.9568636 ]]]
[[[ 0.7811051  -0.58928645 -0.20643716]
  [ 0.49342662  0.3799497   0.78241193]
  [-0.382629   -0.71300757  0.5875502 ]]

 [[ 0.7686976   0.63737994 -0.05339262]
  [-0.5488601   0.7001895   0.45660424]
  [ 0.32841533 -0.32168552  0.8880664 ]]

 [[ 0.99820805  0.03384506  0.04934766]
  [ 0.00289903  0.7963556  -0.6048218 ]
  [-0.05976851  0.60388106  0.79483044]]

 [[ 0.99283     0.1182933  -0.01718372]
  [-0.09211379  0.665513   -0.74068046]
  [-0.07618151  0.73695266  0.67163765]]

 [[ 0.96181065  0.0761312   0.26291502]
  [ 0.02919246  0.9265306  -0.37508518]
  [-0.27215448  0.36843607  0.88892454]]

 [[ 0.999246    0.03268868  0.02094793]
  [-0.03017538  0.9933902  -0.11074939]
  [-0.02442971  0.11003377  0.9936276 ]]

 [[ 0.9422348   0.3317593   0.04614341]
  [-0.33259454  0.942999    0.01156204]
  [-0.03967737 -0.02624121  0.9988678 ]]

 [[ 0.96073705 -0.275438   -0.03344132]
  [ 0.2762925   0.96076614  0.02430875]
  [ 0.02543373 -0.0325939   0.9991451 ]]

 [[ 0.99793035  0.05014821  0.04025223]
  [-0.05194601  0.9976385   0.0449342 ]
  [-0.0379038  -0.04693214  0.9981788 ]]

 [[ 0.8681348  -0.43327892  0.2420976 ]
  [ 0.42287165  0.9010634   0.0962512 ]
  [-0.25984892  0.01881719  0.96546584]]

 [[ 0.9144428   0.33657637 -0.22474588]
  [-0.29982156  0.93639225  0.1824188 ]
  [ 0.27184814 -0.0994279   0.95719   ]]

 [[ 0.9917054  -0.09684151 -0.08451103]
  [ 0.0941365   0.99492854 -0.03543567]
  [ 0.08751407  0.02718617  0.9957923 ]]

 [[ 0.9005056   0.22098988 -0.37450373]
  [-0.18833938  0.97447705  0.12215871]
  [ 0.39194116 -0.03947081  0.91914314]]

 [[ 0.8454342  -0.03018131  0.533226  ]
  [-0.02703617  0.99470335  0.09916767]
  [-0.53339475 -0.09825616  0.8401402 ]]

 [[ 0.9969829  -0.05552705  0.05424023]
  [ 0.0460448   0.9856092   0.1626487 ]
  [-0.06249106 -0.15966046  0.9851922 ]]

 [[ 0.5208125   0.7552001  -0.3980292 ]
  [-0.6834236   0.6482508   0.33571288]
  [ 0.5115531   0.09717908  0.8537387 ]]

 [[ 0.44175342 -0.65973854  0.6079464 ]
  [ 0.5206601   0.7403876   0.42513427]
  [-0.73059356  0.12872893  0.6705683 ]]

 [[ 0.43059942 -0.29543307 -0.8528209 ]
  [ 0.5318192   0.846497   -0.02472055]
  [ 0.72921365 -0.44290185  0.5216181 ]]

 [[ 0.50107986  0.20859338  0.83988553]
  [-0.3981853   0.91725314  0.00975099]
  [-0.7683537  -0.33931613  0.5426759 ]]

 [[ 0.97423154 -0.21912251  0.05346076]
  [ 0.20516872  0.9594052   0.19351362]
  [-0.09369371 -0.17755863  0.9796399 ]]

 [[ 0.96753407  0.24432577 -0.06467401]
  [-0.23531187  0.96420026  0.12225509]
  [ 0.09222876 -0.10306741  0.99038935]]

 [[ 0.98551124  0.14831221 -0.08228698]
  [-0.13690987  0.98198825  0.13021062]
  [ 0.10011668 -0.11705812  0.9880659 ]]

 [[ 0.99129695 -0.12531592  0.04032515]
  [ 0.1161024   0.97662514  0.18089658]
  [-0.06205177 -0.1746404   0.982675  ]]]
[ 0.16501051  0.5427668  -0.02341932 -0.5629413  -0.09776551 -0.06572127
  0.09967566 -0.00878116  0.01665996 -0.08150002]