[[[-0.8540068  -0.19562909 -0.48208052]
  [ 0.12070388 -0.9758309   0.18216658]
  [-0.50606614  0.0973825   0.8569794 ]]]
[[[ 0.84230185 -0.51272994 -0.16623993]
  [ 0.40329963  0.39489213  0.8254754 ]
  [-0.3575991  -0.7623439   0.5394022 ]]

 [[ 0.92598873  0.33904934  0.1661036 ]
  [-0.3003137   0.39481023  0.8682952 ]
  [ 0.22881553 -0.85391474  0.46741098]]

 [[ 0.99685264  0.04933653 -0.06205436]
  [-0.07876626  0.5276706  -0.8457894 ]
  [-0.00898405  0.8480152   0.5298959 ]]

 [[ 0.99468803  0.06386194 -0.08072971]
  [-0.1020311   0.7154054  -0.69121975]
  [ 0.01361186  0.695785    0.7181211 ]]

 [[ 0.9705337  -0.14055794  0.19572389]
  [ 0.16718273 -0.19217405 -0.96701556]
  [ 0.17353477  0.9712428  -0.16301253]]

 [[ 0.99766546  0.06560663 -0.01895753]
  [-0.06534933  0.9977658   0.0138882 ]
  [ 0.01982633 -0.01261692  0.9997238 ]]

 [[ 0.9327209   0.3162503   0.1732553 ]
  [-0.3060784   0.9483552  -0.08329814]
  [-0.19065058  0.02466422  0.9813481 ]]

 [[ 0.98936135 -0.06943437 -0.12783948]
  [ 0.0964324   0.97096294  0.21893306]
  [ 0.10892592 -0.22893178  0.9673289 ]]

 [[ 0.9971761   0.0541307  -0.0520544 ]
  [-0.05328784  0.9984268   0.01744654]
  [ 0.0529169  -0.01462341  0.9984919 ]]

 [[ 0.8945551  -0.44171795  0.06823826]
  [ 0.43131188  0.89316225  0.12740147]
  [-0.11722337 -0.08453565  0.98950106]]

 [[ 0.9889439   0.09867835 -0.1106912 ]
  [-0.08194255  0.98578095  0.14670216]
  [ 0.12359358 -0.13600989  0.982968  ]]

 [[ 0.99527586 -0.08357673  0.04940655]
  [ 0.0772763   0.99000233  0.11799915]
  [-0.05877459 -0.11362374  0.9917839 ]]

 [[ 0.83398974  0.04164714 -0.5502061 ]
  [ 0.00720593  0.9962404   0.08633169]
  [ 0.551733   -0.07596447  0.8305541 ]]

 [[ 0.75561947  0.06214476  0.6520563 ]
  [-0.17049432  0.9798349   0.10418921]
  [-0.6324326  -0.18989927  0.75097764]]

 [[ 0.99952215  0.0071043   0.03008198]
  [-0.01596607  0.95200425  0.30566806]
  [-0.02646661 -0.3060023   0.9516628 ]]

 [[ 0.8932978   0.31791618 -0.31772372]
  [-0.21477419  0.9228908   0.3196007 ]
  [ 0.39483058 -0.21725976  0.8926965 ]]

 [[ 0.6558213  -0.5161065   0.5509379 ]
  [ 0.34499502  0.8540328   0.38936666]
  [-0.6714737  -0.06528414  0.7381471 ]]

 [[ 0.93076026 -0.10805609 -0.349298  ]
  [ 0.19028513  0.9589174   0.21040198]
  [ 0.31221274 -0.26230004  0.9130837 ]]

 [[ 0.8075266   0.0847562   0.58370996]
  [-0.09780391  0.9951632  -0.0091947 ]
  [-0.581666   -0.04966413  0.8119102 ]]

 [[ 0.9629888  -0.26362786  0.05615062]
  [ 0.2695353   0.9404448  -0.20715757]
  [ 0.00180595  0.214625    0.9766948 ]]

 [[ 0.970897    0.23899497 -0.01550542]
  [-0.23920557  0.96448416 -0.11203117]
  [-0.01182015  0.11247971  0.99358374]]

 [[ 0.9947545   0.08453258 -0.0575993 ]
  [-0.06888314  0.9698581   0.23373164]
  [ 0.07562108 -0.22853799  0.9705936 ]]

 [[ 0.99543566 -0.06362069  0.07113675]
  [ 0.05163251  0.9858922   0.15921877]
  [-0.08026278 -0.15481904  0.98467714]]]
[ 0.31708628  0.28347403 -0.36297074 -0.42844436 -0.06325021 -0.0371744
  0.10686876 -0.01969904 -0.05373457  0.01510644]