[[[ 0.7369699  -0.04376006 -0.6745076 ]
  [ 0.19435753 -0.9420392   0.2734726 ]
  [-0.6473799  -0.33263668 -0.6857494 ]]]
[[[ 9.64904249e-01 -2.06910342e-01 -1.61702991e-01]
  [ 2.53790349e-01  8.92935693e-01  3.71828377e-01]
  [ 6.74552396e-02 -3.99817437e-01  9.14109290e-01]]

 [[ 9.74125683e-01  8.97771865e-02  2.07410827e-01]
  [-2.14495197e-01  6.56401396e-01  7.23276615e-01]
  [-7.12110028e-02 -7.49050915e-01  6.58674240e-01]]

 [[ 9.95807111e-01 -8.95422399e-02 -1.87188368e-02]
  [ 6.33921251e-02  8.22997630e-01 -5.64496458e-01]
  [ 6.59518391e-02  5.60943007e-01  8.25223148e-01]]

 [[ 8.77149343e-01 -3.25569004e-01 -3.53007019e-01]
  [-3.54127784e-04  7.34659016e-01 -6.78436518e-01]
  [ 4.80217636e-01  5.95215082e-01  6.44290388e-01]]

 [[ 9.80390429e-01  6.73149973e-02  1.85211673e-01]
  [ 9.71155316e-02  6.52762115e-01 -7.51312315e-01]
  [-1.71473756e-01  7.54566312e-01  6.33424401e-01]]

 [[ 9.96939242e-01 -6.61487207e-02  4.16726619e-02]
  [ 6.49122298e-02  9.97429013e-01  3.03583723e-02]
  [-4.35736962e-02 -2.75603831e-02  9.98669982e-01]]

 [[ 9.59622383e-01  2.69309372e-01  8.12243298e-02]
  [-2.61692286e-01  9.60628450e-01 -9.33278427e-02]
  [-1.03160471e-01  6.83037043e-02  9.92316723e-01]]

 [[ 9.77160811e-01 -2.00384483e-01 -7.07310587e-02]
  [ 1.97483584e-01  9.79229331e-01 -4.59366702e-02]
  [ 7.84669146e-02  3.09192892e-02  9.96437192e-01]]

 [[ 9.99242544e-01 -3.88964675e-02  1.19444611e-03]
  [ 3.89074348e-02  9.99179959e-01 -1.12097804e-02]
  [-7.57445639e-04  1.12477625e-02  9.99936461e-01]]

 [[ 9.32531655e-01 -3.60970616e-01 -9.21006128e-03]
  [ 3.48283440e-01  8.92438114e-01  2.86797762e-01]
  [-9.53061581e-02 -2.70655721e-01  9.57946897e-01]]

 [[ 9.43918943e-01  3.29604775e-01  1.94334574e-02]
  [-3.25697929e-01  9.19837177e-01  2.18678683e-01]
  [ 5.42019345e-02 -2.12744400e-01  9.75603342e-01]]

 [[ 9.95014250e-01  3.48793156e-02  9.34346318e-02]
  [-4.86246906e-02  9.87619936e-01  1.49139091e-01]
  [-8.70760456e-02 -1.52938753e-01  9.84391928e-01]]

 [[ 9.85659182e-01  1.68464497e-01 -9.78646427e-03]
  [-1.67843491e-01  9.84721124e-01  4.63985205e-02]
  [ 1.74534414e-02 -4.40905280e-02  9.98875082e-01]]

 [[ 9.33206379e-01 -3.45994562e-01  9.70235467e-02]
  [ 3.46767604e-01  9.37904775e-01  9.31945909e-03]
  [-9.42233354e-02  2.49476451e-02  9.95238423e-01]]

 [[ 9.98316646e-01  3.31266038e-02 -4.76072021e-02]
  [-2.75401231e-02  9.93150234e-01  1.13552757e-01]
  [ 5.10427170e-02 -1.12050503e-01  9.92390692e-01]]

 [[ 6.65592968e-01  7.37238884e-01 -1.16037935e-01]
  [-7.29785621e-01  6.75478160e-01  1.05556607e-01]
  [ 1.56201527e-01  1.44250765e-02  9.87619817e-01]]

 [[ 5.09459436e-01 -8.12794983e-01  2.82516241e-01]
  [ 8.55499029e-01  5.13751447e-01 -6.46597072e-02]
  [-9.25880522e-02  2.74633855e-01  9.57080841e-01]]

 [[ 2.74080902e-01 -2.87589341e-01 -9.17699277e-01]
  [ 4.35916811e-01  8.87733281e-01 -1.48007259e-01]
  [ 8.57237518e-01 -3.59474599e-01  3.68675768e-01]]

 [[ 1.09727696e-01  3.99837881e-01  9.09994304e-01]
  [-1.42714366e-01  9.12373960e-01 -3.83674890e-01]
  [-9.83662784e-01 -8.77694860e-02  1.57175303e-01]]

 [[ 9.69240010e-01 -2.46013537e-01 -7.15783052e-03]
  [ 2.45527953e-01  9.64496613e-01  9.72749367e-02]
  [-1.70272477e-02 -9.60401967e-02  9.95231926e-01]]

 [[ 9.76127803e-01  2.03353912e-01  7.63002038e-02]
  [-2.11797625e-01  9.69037116e-01  1.26920551e-01]
  [-4.81279343e-02 -1.40050888e-01  9.88973975e-01]]

 [[ 9.72178280e-01  2.25917190e-01 -6.18938692e-02]
  [-2.13404462e-01  9.63162899e-01  1.63633034e-01]
  [ 9.65813920e-02 -1.45872042e-01  9.84577775e-01]]

 [[ 9.75777388e-01 -2.09547296e-01  6.28359318e-02]
  [ 1.99274644e-01  9.69901741e-01  1.39929608e-01]
  [-9.02665555e-02 -1.24018550e-01  9.88165677e-01]]]
[ 0.10930125  0.4776752  -0.19260974 -0.36683968 -0.07692891  0.03389743
  0.01668474  0.06944603 -0.0157675  -0.03398481]