[[[-0.8255058  -0.21628273 -0.5213079 ]
  [ 0.15518722 -0.97504044  0.15878613]
  [-0.54263896  0.05017856  0.83846587]]]
[[[ 8.57154131e-01 -4.97419775e-01 -1.33642659e-01]
  [ 4.11080152e-01  5.04352450e-01  7.59369195e-01]
  [-3.10322285e-01 -7.05834270e-01  6.36787176e-01]]

 [[ 9.44605887e-01  2.87106067e-01  1.59027815e-01]
  [-2.33379304e-01  2.46885344e-01  9.40521955e-01]
  [ 2.30767965e-01 -9.25536394e-01  3.00213963e-01]]

 [[ 9.96265709e-01  4.17725146e-02 -7.55634233e-02]
  [-8.63179639e-02  4.61643428e-01 -8.82856011e-01]
  [-1.99576397e-03  8.86081517e-01  4.63525236e-01]]

 [[ 9.83223617e-01 -2.91831288e-02 -1.80054411e-01]
  [-6.67045712e-02  8.61217678e-01 -5.03839910e-01]
  [ 1.69769689e-01  5.07397771e-01  8.44822884e-01]]

 [[ 9.42961991e-01 -2.85832018e-01  1.70654058e-01]
  [ 9.78483483e-02 -2.52009928e-01 -9.62765217e-01]
  [ 3.18195611e-01  9.24549162e-01 -2.09667593e-01]]

 [[ 9.97249782e-01  7.41061047e-02  1.05453841e-03]
  [-7.40905926e-02  9.96484697e-01  3.90997902e-02]
  [ 1.84670161e-03 -3.90703902e-02  9.99234736e-01]]

 [[ 9.29881573e-01  3.21183145e-01  1.79336920e-01]
  [-3.03021640e-01  9.45194542e-01 -1.21594444e-01]
  [-2.08562359e-01  5.87254651e-02  9.76244450e-01]]

 [[ 9.83597398e-01 -8.50523636e-02 -1.59066930e-01]
  [ 1.11418560e-01  9.79985476e-01  1.64967835e-01]
  [ 1.41852379e-01 -1.79984927e-01  9.73387599e-01]]

 [[ 9.97615218e-01  4.49582040e-02 -5.23704179e-02]
  [-4.49777655e-02  9.98987734e-01  8.05593329e-04]
  [ 5.23536168e-02  1.55183196e-03  9.98627484e-01]]

 [[ 9.06443000e-01 -4.17947024e-01  6.06738180e-02]
  [ 4.08393979e-01  9.04042304e-01  1.26181796e-01]
  [-1.07589006e-01 -8.95977840e-02  9.90149856e-01]]

 [[ 9.89509881e-01  1.14369750e-01 -8.82601663e-02]
  [-1.02540329e-01  9.86384511e-01  1.28573120e-01]
  [ 1.01763338e-01 -1.18174136e-01  9.87764716e-01]]

 [[ 9.94905591e-01 -8.06493610e-02  6.04850389e-02]
  [ 7.80794472e-02  9.95988190e-01  4.37154844e-02]
  [-6.37680143e-02 -3.87701467e-02  9.97211277e-01]]

 [[ 8.51778448e-01  5.34839276e-03 -5.23874938e-01]
  [ 5.27029186e-02  9.94000733e-01  9.58387330e-02]
  [ 5.21244586e-01 -1.09243095e-01  8.46386552e-01]]

 [[ 7.85248339e-01  1.15731485e-01  6.08269036e-01]
  [-2.23297477e-01  9.69201028e-01  1.03863455e-01]
  [-5.77514708e-01 -2.17383564e-01  7.86906064e-01]]

 [[ 9.99553502e-01 -9.44191124e-03  2.83484552e-02]
  [-1.49650488e-03  9.31748986e-01  3.63099992e-01]
  [-2.98420005e-02 -3.62980306e-01  9.31318820e-01]]

 [[ 9.05954182e-01  2.98319548e-01 -3.00420493e-01]
  [-1.78748399e-01  9.12752151e-01  3.67331594e-01]
  [ 3.83791655e-01 -2.79085904e-01  8.80235791e-01]]

 [[ 7.12332010e-01 -4.86550748e-01  5.05817592e-01]
  [ 3.01615745e-01  8.62973988e-01  4.05343980e-01]
  [-6.33727908e-01 -1.36176944e-01  7.61475384e-01]]

 [[ 9.31928933e-01 -1.47647426e-01 -3.31223130e-01]
  [ 2.41775438e-01  9.33716595e-01  2.64041573e-01]
  [ 2.70283490e-01 -3.26149583e-01  9.05855000e-01]]

 [[ 7.42383957e-01  1.44164145e-01  6.54280186e-01]
  [-1.66124597e-01  9.85687256e-01 -2.86918189e-02]
  [-6.49052024e-01 -8.73917192e-02  7.55707622e-01]]

 [[ 9.60685015e-01 -2.71696657e-01  5.71410023e-02]
  [ 2.77612746e-01  9.37124372e-01 -2.11492419e-01]
  [ 3.91355343e-03  2.19040692e-01  9.75707769e-01]]

 [[ 9.69207585e-01  2.46206850e-01 -4.35429486e-03]
  [-2.44042009e-01  9.58024681e-01 -1.50440097e-01]
  [-3.28678638e-02  1.46870285e-01  9.88609612e-01]]

 [[ 9.94928658e-01  8.08134079e-02 -5.98851256e-02]
  [-6.42752573e-02  9.68774021e-01  2.39469260e-01]
  [ 7.73674846e-02 -2.34405681e-01  9.69055355e-01]]

 [[ 9.94287252e-01 -6.58690706e-02  8.39890465e-02]
  [ 5.28646037e-02  9.87481415e-01  1.48613140e-01]
  [-9.27266255e-02 -1.43324092e-01  9.85322297e-01]]]
[ 0.31361535  0.29237586 -0.29910716 -0.38273123 -0.10160667 -0.03768345
  0.12910677 -0.0140653  -0.07228142  0.01739931]