[[[-0.99742913  0.01485615  0.07010271]
  [ 0.01054928 -0.93717426  0.348702  ]
  [ 0.07087883  0.3485451   0.93460816]]]
[[[ 7.33284354e-01 -6.33850694e-01 -2.46022865e-01]
  [ 5.22344351e-01  2.93532461e-01  8.00621629e-01]
  [-4.35258895e-01 -7.15592086e-01  5.46331108e-01]]

 [[ 7.59044170e-01  6.17372632e-01  2.06647024e-01]
  [-5.44802427e-01  4.28560853e-01  7.20781446e-01]
  [ 3.56429935e-01 -6.59686744e-01  6.61642730e-01]]

 [[ 9.98662472e-01 -5.17000332e-02  5.11506340e-04]
  [ 3.37780416e-02  6.44918859e-01 -7.63504148e-01]
  [ 3.91433164e-02  7.62500346e-01  6.45802617e-01]]

 [[ 9.91611719e-01  5.55643998e-02 -1.16699748e-01]
  [-1.28873035e-01  4.94175166e-01 -8.59757423e-01]
  [ 9.89820063e-03  8.67584944e-01  4.97190624e-01]]

 [[ 9.63893116e-01  8.03741440e-02  2.53870130e-01]
  [ 1.03077449e-01  7.66424000e-01 -6.34010434e-01]
  [-2.45530218e-01  6.37286603e-01  7.30466068e-01]]

 [[ 9.99690890e-01 -2.48538535e-02  6.77911332e-04]
  [ 2.48621870e-02  9.99050319e-01 -3.57813835e-02]
  [ 2.12037397e-04  3.57871726e-02  9.99359429e-01]]

 [[ 9.34457064e-01  3.22867095e-01  1.50155962e-01]
  [-3.37863743e-01  9.37106729e-01  8.76304209e-02]
  [-1.12419181e-01 -1.32619128e-01  9.84771073e-01]]

 [[ 9.37850177e-01 -3.32235366e-01 -1.00283220e-01]
  [ 3.39400411e-01  9.38374817e-01  6.52690083e-02]
  [ 7.24185780e-02 -9.52487066e-02  9.92815793e-01]]

 [[ 9.99909997e-01  8.22119601e-03 -1.06071737e-02]
  [-7.64739281e-03  9.98562753e-01  5.30469343e-02]
  [ 1.10280374e-02 -5.29610403e-02  9.98535752e-01]]

 [[ 8.85775745e-01 -4.24620271e-01  1.87347159e-01]
  [ 4.05915290e-01  9.04493392e-01  1.30860314e-01]
  [-2.25020215e-01 -3.98658141e-02  9.73538160e-01]]

 [[ 8.85676503e-01  4.37819570e-01 -1.54567257e-01]
  [-4.17735934e-01  8.96707952e-01  1.46327004e-01]
  [ 2.02666506e-01 -6.50301203e-02  9.77086127e-01]]

 [[ 9.97792304e-01  4.54228409e-02 -4.84502427e-02]
  [-2.95903459e-02  9.57178712e-01  2.87981451e-01]
  [ 5.94564788e-02 -2.85911977e-01  9.56409633e-01]]

 [[ 8.91342640e-01  2.02054054e-01 -4.05810773e-01]
  [-1.71455979e-01  9.78938937e-01  1.10821471e-01]
  [ 4.19655889e-01 -2.92012226e-02  9.07213390e-01]]

 [[ 8.71183217e-01 -2.03340545e-01  4.46869612e-01]
  [ 1.61869928e-01  9.78268087e-01  1.29575148e-01]
  [-4.63506162e-01 -4.05489355e-02  8.85165453e-01]]

 [[ 9.99150991e-01  1.58455246e-03 -4.11683209e-02]
  [ 6.48885081e-03  9.80735600e-01  1.95231810e-01]
  [ 4.06845957e-02 -1.95333183e-01  9.79892671e-01]]

 [[ 7.86919415e-01  5.42679906e-01 -2.93694168e-01]
  [-4.56498057e-01  8.32231939e-01  3.14641595e-01]
  [ 4.15171415e-01 -1.13526776e-01  9.02631819e-01]]

 [[ 7.75941312e-01 -5.21079481e-01  3.55515480e-01]
  [ 4.37100798e-01  8.50497961e-01  2.92568088e-01]
  [-4.54816431e-01 -7.16195554e-02  8.87700796e-01]]

 [[ 7.81715512e-01 -2.33368650e-01 -5.78325212e-01]
  [ 3.86787832e-01  9.08866644e-01  1.56066328e-01]
  [ 4.89199460e-01 -3.45688611e-01  8.00739288e-01]]

 [[ 8.69589448e-01  1.75466418e-01  4.61546957e-01]
  [-2.81984627e-01  9.43787634e-01  1.72480404e-01]
  [-4.05337840e-01 -2.80136317e-01  8.70186627e-01]]

 [[ 9.85475063e-01 -1.64955616e-01  4.03554253e-02]
  [ 1.66083500e-01  9.85758662e-01 -2.63833962e-02]
  [-3.54286209e-02  3.27025466e-02  9.98836994e-01]]

 [[ 9.81948256e-01  1.83131337e-01 -4.73353192e-02]
  [-1.84696421e-01  9.82303619e-01 -3.10914256e-02]
  [ 4.08038497e-02  3.92728299e-02  9.98395026e-01]]

 [[ 9.91435289e-01  1.09679632e-01 -7.08976015e-02]
  [-9.56851393e-02  9.79504645e-01  1.77242711e-01]
  [ 8.88844505e-02 -1.68940827e-01  9.81610179e-01]]

 [[ 9.91553247e-01 -1.11241885e-01  6.66882098e-02]
  [ 9.56379846e-02  9.74411130e-01  2.03411669e-01]
  [-8.76096338e-02 -1.95315585e-01  9.76819456e-01]]]
[ 0.11585933  0.32037276 -0.12230133 -0.31790128 -0.06867677 -0.00615069
  0.06850415 -0.02159482  0.05642207 -0.04307622]