[[[-0.99771076  0.00420918  0.06749453]
  [ 0.01856388 -0.942673    0.33320114]
  [ 0.06502777  0.33369133  0.9404369 ]]]
[[[ 7.06161857e-01 -6.76461220e-01 -2.09130526e-01]
  [ 5.48564017e-01  3.35946083e-01  7.65648544e-01]
  [-4.47674990e-01 -6.55393302e-01  6.08314574e-01]]

 [[ 7.38273144e-01  6.56901598e-01  1.53078705e-01]
  [-5.63698113e-01  4.76264089e-01  6.74845874e-01]
  [ 3.70401442e-01 -5.84510744e-01  7.21907198e-01]]

 [[ 9.99253929e-01 -3.79797518e-02 -7.00824708e-03]
  [ 2.15774719e-02  6.99512899e-01 -7.14294195e-01]
  [ 3.20310704e-02  7.13610053e-01  6.99810505e-01]]

 [[ 9.91225243e-01  6.53512180e-02 -1.14898875e-01]
  [-1.31363109e-01  5.83721220e-01 -8.01257312e-01]
  [ 1.47057986e-02  8.09319973e-01  5.87183952e-01]]

 [[ 9.63910222e-01  6.88511282e-02  2.57170141e-01]
  [ 8.16018060e-02  8.43075395e-01 -5.31568408e-01]
  [-2.53412902e-01  5.33369839e-01  8.07030618e-01]]

 [[ 9.99750793e-01 -2.00903099e-02 -9.73272324e-03]
  [ 1.93334110e-02  9.97184515e-01 -7.24515617e-02]
  [ 1.11608962e-02  7.22453371e-02  9.97324407e-01]]

 [[ 9.34893787e-01  3.36264461e-01  1.13577366e-01]
  [-3.45256776e-01  9.35791254e-01  7.13615343e-02]
  [-8.22883621e-02 -1.05928808e-01  9.90963042e-01]]

 [[ 9.38419640e-01 -3.36675078e-01 -7.75781274e-02]
  [ 3.41018856e-01  9.38639820e-01  5.15885353e-02]
  [ 5.54493517e-02 -7.48673007e-02  9.95650589e-01]]

 [[ 9.99636829e-01  1.11155761e-02 -2.45473366e-02]
  [-9.89727210e-03  9.98739600e-01  4.92063239e-02]
  [ 2.50633545e-02 -4.89455089e-02  9.98486876e-01]]

 [[ 8.74023855e-01 -4.33490962e-01  2.19471857e-01]
  [ 4.12120700e-01  9.00661051e-01  1.37717575e-01]
  [-2.57369101e-01 -2.99195498e-02  9.65849817e-01]]

 [[ 8.81774366e-01  4.39778209e-01 -1.70496613e-01]
  [-4.14600909e-01  8.95029545e-01  1.64402291e-01]
  [ 2.24900067e-01 -7.42776617e-02  9.71546531e-01]]

 [[ 9.99655426e-01  2.29575597e-02 -1.27274860e-02]
  [-1.94433127e-02  9.73338068e-01  2.28549704e-01]
  [ 1.76350921e-02 -2.28223473e-01  9.73449051e-01]]

 [[ 9.09838855e-01  2.17069015e-01 -3.53658289e-01]
  [-1.97030038e-01  9.76052999e-01  9.21942368e-02]
  [ 3.65201712e-01 -1.42006017e-02  9.30820048e-01]]

 [[ 8.90045047e-01 -2.44464487e-01  3.84781808e-01]
  [ 2.08773494e-01  9.68923092e-01  1.32671222e-01]
  [-4.05257374e-01 -3.77511084e-02  9.13422883e-01]]

 [[ 9.99628961e-01  1.66682694e-02 -2.15431433e-02]
  [-1.31841265e-02  9.88168895e-01  1.52802005e-01]
  [ 2.38352083e-02 -1.52461275e-01  9.88022029e-01]]

 [[ 7.70996332e-01  5.77076316e-01 -2.69346744e-01]
  [-5.05543530e-01  8.11812520e-01  2.92209178e-01]
  [ 3.87286037e-01 -8.91256779e-02  9.17641699e-01]]

 [[ 6.85383797e-01 -6.16896272e-01  3.86895329e-01]
  [ 5.52141964e-01  7.86668837e-01  2.76208967e-01]
  [-4.74750817e-01  2.43119784e-02  8.79784405e-01]]

 [[ 7.40896940e-01 -2.46300086e-01 -6.24826372e-01]
  [ 4.03649479e-01  9.06855762e-01  1.21160083e-01]
  [ 5.36785662e-01 -3.41977954e-01  7.71305561e-01]]

 [[ 7.29038119e-01  2.22801402e-01  6.47196293e-01]
  [-3.42349857e-01  9.37463820e-01  6.29141778e-02]
  [-5.92705727e-01 -2.67434359e-01  7.59722888e-01]]

 [[ 9.86304760e-01 -1.58953711e-01  4.40076813e-02]
  [ 1.59090340e-01  9.87263918e-01  4.02725767e-04]
  [-4.35112156e-02  6.60398649e-03  9.99031126e-01]]

 [[ 9.83614624e-01  1.74781144e-01 -4.42016572e-02]
  [-1.73307851e-01  9.84236896e-01  3.52446400e-02]
  [ 4.96649966e-02 -2.70066485e-02  9.98400748e-01]]

 [[ 9.89388704e-01  1.26280069e-01 -7.18569681e-02]
  [-1.11571737e-01  9.77136612e-01  1.80985644e-01]
  [ 9.30689499e-02 -1.71047926e-01  9.80857193e-01]]

 [[ 9.88698721e-01 -1.32073805e-01  7.09326640e-02]
  [ 1.15495570e-01  9.72699463e-01  2.01287001e-01]
  [-9.55809131e-02 -1.90819770e-01  9.76960659e-01]]]
[ 0.06381151  0.3362707  -0.03591344 -0.3629553  -0.10757256 -0.00612583
  0.11189166 -0.02193484  0.02785654 -0.01019877]