[[[ 0.5503494   0.01797373 -0.8347409 ]
  [ 0.1218669  -0.9907905   0.05901371]
  [-0.82599264 -0.13420545 -0.54747134]]]
[[[ 9.98761117e-01 -4.95175831e-02 -4.91867587e-03]
  [ 4.50483859e-02  8.57751310e-01  5.12087047e-01]
  [-2.11383197e-02 -5.11674225e-01  8.58919322e-01]]

 [[ 9.93122041e-01  9.09624919e-02  7.37182498e-02]
  [-1.14889950e-01  6.35798514e-01  7.63256550e-01]
  [ 2.25577578e-02 -7.66476452e-01  6.41876221e-01]]

 [[ 9.97745752e-01 -6.64037615e-02  9.69654415e-03]
  [ 5.42287342e-02  7.12683380e-01 -6.99386656e-01]
  [ 3.95313315e-02  6.98335826e-01  7.14677811e-01]]

 [[ 9.98541355e-01 -2.59425188e-03 -5.39301783e-02]
  [-7.56091438e-03  9.82284188e-01 -1.87244937e-01]
  [ 5.34605123e-02  1.87379569e-01  9.80831742e-01]]

 [[ 9.82289135e-01 -1.72559246e-01 -7.30154589e-02]
  [ 9.14665610e-02  7.81704128e-01 -6.16905510e-01]
  [ 1.63529232e-01  5.99301159e-01  7.83642888e-01]]

 [[ 9.91428435e-01 -1.21278301e-01  4.85937037e-02]
  [ 1.18419394e-01  9.91271973e-01  5.79381473e-02]
  [-5.51962107e-02 -5.16870841e-02  9.97136950e-01]]

 [[ 9.63487983e-01  1.88070357e-01  1.90579653e-01]
  [-1.67770788e-01  9.78773415e-01 -1.17710166e-01]
  [-2.08672076e-01  8.14386234e-02  9.74589109e-01]]

 [[ 9.68403816e-01 -1.88474283e-01 -1.63313806e-01]
  [ 1.61819503e-01  9.73171830e-01 -1.63557649e-01]
  [ 1.89758793e-01  1.31962508e-01  9.72922146e-01]]

 [[ 9.97778833e-01 -5.99374212e-02  2.90692300e-02]
  [ 6.11281767e-02  9.97247279e-01 -4.19676900e-02]
  [-2.64737718e-02  4.36514169e-02  9.98696089e-01]]

 [[ 9.51441467e-01 -3.07554036e-01  1.30259749e-02]
  [ 3.03503841e-01  9.44299817e-01  1.27213418e-01]
  [-5.14254272e-02 -1.17082693e-01  9.91789818e-01]]

 [[ 9.65854704e-01  2.56433249e-01  3.69689167e-02]
  [-2.59069115e-01  9.54367936e-01  1.48543179e-01]
  [ 2.80946027e-03 -1.53048635e-01  9.88214672e-01]]

 [[ 9.98560190e-01  5.22214286e-02  1.22664711e-02]
  [-5.27231283e-02  9.97597456e-01  4.49399538e-02]
  [-9.89017170e-03 -4.55219746e-02  9.98914361e-01]]

 [[ 9.96857166e-01  7.92147294e-02 -8.60508473e-04]
  [-7.92193785e-02  9.96790767e-01 -1.15094008e-02]
  [-5.39671710e-05  1.15413992e-02  9.99933362e-01]]

 [[ 9.40274775e-01 -2.68173605e-01  2.09681526e-01]
  [ 2.69893944e-01  9.62662816e-01  2.09188294e-02]
  [-2.07462490e-01  3.69223282e-02  9.77545977e-01]]

 [[ 9.86184180e-01  6.62183762e-02 -1.51841581e-01]
  [-5.51821440e-02  9.95596170e-01  7.57830143e-02]
  [ 1.56191140e-01 -6.63570687e-02  9.85495269e-01]]

 [[ 6.73866153e-01  7.36453712e-01 -5.95009997e-02]
  [-7.38853455e-01  6.71652555e-01 -5.45752682e-02]
  [-2.28158300e-04  8.07389393e-02  9.96735334e-01]]

 [[ 6.16163194e-01 -7.32515216e-01  2.89420664e-01]
  [ 7.65866280e-01  6.42992377e-01 -3.09901056e-03]
  [-1.83825225e-01  2.23567039e-01  9.57196951e-01]]

 [[ 5.24438098e-02 -3.23564798e-01 -9.44751501e-01]
  [ 2.47041389e-01  9.20851886e-01 -3.01666021e-01]
  [ 9.67584670e-01 -2.17572242e-01  1.28226876e-01]]

 [[ 6.43379614e-02  3.65133971e-01  9.28729177e-01]
  [-1.49900943e-01  9.23633993e-01 -3.52746367e-01]
  [-9.86605465e-01 -1.16522387e-01  1.14158653e-01]]

 [[ 9.62861300e-01 -2.47116253e-01 -1.08773068e-01]
  [ 2.53718972e-01  9.65904236e-01  5.15348576e-02]
  [ 9.23292488e-02 -7.72187188e-02  9.92729902e-01]]

 [[ 9.45388556e-01  3.04339796e-01  1.16694741e-01]
  [-3.03747475e-01  9.52468574e-01 -2.32628882e-02]
  [-1.18227884e-01 -1.34532638e-02  9.92895305e-01]]

 [[ 9.65634465e-01  2.40332246e-01 -9.89460573e-02]
  [-2.17476740e-01  9.55620646e-01  1.98728502e-01]
  [ 1.42315775e-01 -1.70380652e-01  9.75046933e-01]]

 [[ 9.71805632e-01 -2.22757116e-01  7.72858262e-02]
  [ 2.04699859e-01  9.59748507e-01  1.92303628e-01]
  [-1.17011964e-01 -1.71061352e-01  9.78287339e-01]]]
[ 0.30756363  0.6299708  -0.1968325  -0.49468645 -0.18231058  0.07840618
  0.03837246  0.06781912 -0.03271218  0.01631013]