[[[-0.874697   -0.18011075 -0.44996136]
  [ 0.10297977 -0.97625357  0.19058895]
  [-0.4736035   0.12037067  0.87247384]]]
[[[ 0.8243151  -0.54370826 -0.15775315]
  [ 0.40323782  0.368292    0.8377114 ]
  [-0.39737132 -0.7541501   0.5228324 ]]

 [[ 0.9047548   0.37666306  0.19885588]
  [-0.38084042  0.50632745  0.773688  ]
  [ 0.19073349 -0.7757304   0.6015507 ]]

 [[ 0.99782383  0.05168971 -0.04093625]
  [-0.06401112  0.6104573  -0.7894584 ]
  [-0.01581704  0.79036075  0.61243755]]

 [[ 0.9893858   0.14158893 -0.03268594]
  [-0.11681052  0.64114535 -0.7584774 ]
  [-0.08643559  0.7542448   0.65087914]]

 [[ 0.97639304  0.02231087  0.21484612]
  [ 0.21573888 -0.05170125 -0.9750814 ]
  [-0.0106471   0.9984134  -0.05529406]]

 [[ 0.99925846  0.03423239 -0.01762381]
  [-0.03481517  0.9988187  -0.03389768]
  [ 0.0164426   0.03448613  0.99926984]]

 [[ 0.9332283   0.32117292  0.16103657]
  [-0.3157117   0.9470106  -0.05913567]
  [-0.17149611  0.00434595  0.98517513]]

 [[ 0.9912143  -0.11130232 -0.0714562 ]
  [ 0.12291939  0.97464883  0.18695053]
  [ 0.04883667 -0.1940914   0.979767  ]]

 [[ 0.99810857  0.04079697 -0.0459877 ]
  [-0.04004725  0.99905133  0.01710794]
  [ 0.04664202 -0.0152339   0.9987955 ]]

 [[ 0.87864655 -0.4695038   0.08686955]
  [ 0.45604     0.8790975   0.13861802]
  [-0.14144851 -0.08218027  0.9865285 ]]

 [[ 0.9801983   0.12725583 -0.15171422]
  [-0.09798276  0.9774889   0.18685532]
  [ 0.17207739 -0.16828988  0.97060186]]

 [[ 0.9942187  -0.10028524  0.03836762]
  [ 0.09476543  0.9875455   0.12559232]
  [-0.05048482 -0.1212303   0.9913398 ]]

 [[ 0.85068595  0.06108989 -0.5221126 ]
  [-0.01797011  0.9960234   0.08726092]
  [ 0.5253671  -0.06484921  0.84840095]]

 [[ 0.7770958   0.0306391   0.62863624]
  [-0.12557735  0.986279    0.10716358]
  [-0.61672735 -0.16221881  0.77028084]]

 [[ 0.9988491   0.00985413  0.04694106]
  [-0.0220504   0.9634576   0.26695177]
  [-0.04259515 -0.26767957  0.962566  ]]

 [[ 0.8362754   0.40998796 -0.36407888]
  [-0.34092414  0.90884495  0.24035738]
  [ 0.42943487 -0.07688168  0.8998195 ]]

 [[ 0.64215064 -0.5181645   0.56493205]
  [ 0.40039507  0.8551534   0.32923642]
  [-0.6537021   0.01477658  0.75660783]]

 [[ 0.79038835 -0.10086434 -0.6042455 ]
  [ 0.16774298  0.98428893  0.05511411]
  [ 0.5891931  -0.1449195   0.7948898 ]]

 [[ 0.7731252   0.06960531  0.6304226 ]
  [-0.08230385  0.99656576 -0.00909725]
  [-0.6288908  -0.04485288  0.77619886]]

 [[ 0.96432906 -0.26298255  0.0301597 ]
  [ 0.26438686  0.95129734 -0.15853347]
  [ 0.0130007   0.16085227  0.9868928 ]]

 [[ 0.9704602   0.23933223 -0.03045165]
  [-0.2407223   0.9689822  -0.05591317]
  [ 0.01612528  0.06159188  0.99797124]]

 [[ 0.99200815  0.10777477 -0.06560774]
  [-0.09127375  0.9719833   0.21660489]
  [ 0.08711416 -0.20888555  0.97405237]]

 [[ 0.9953448  -0.08549964  0.04448028]
  [ 0.07591984  0.97987187  0.18462741]
  [-0.05937055 -0.18039101  0.9818015 ]]]
[ 0.30449843  0.32354754 -0.3012995  -0.48435417 -0.07461303 -0.08143678
  0.11611962  0.00438039 -0.0588513   0.02145949]