[[[ 0.68942994 -0.02600903 -0.72388536]
  [ 0.06941462 -0.9923836   0.10176675]
  [-0.72101873 -0.12040927 -0.6823736 ]]]
[[[ 9.92933750e-01 -5.66744097e-02 -1.04261689e-01]
  [ 1.11198626e-01  7.51166224e-01  6.50679827e-01]
  [ 4.14409488e-02 -6.57675803e-01  7.52160430e-01]]

 [[ 9.91153061e-01  4.44225594e-02  1.25069261e-01]
  [-1.24881215e-01  6.31263673e-01  7.65448213e-01]
  [-4.49484885e-02 -7.74295092e-01  6.31226480e-01]]

 [[ 9.99444604e-01 -3.32061984e-02  2.78641214e-03]
  [ 2.36842725e-02  6.49047017e-01 -7.60379493e-01]
  [ 2.34408062e-02  7.60023236e-01  6.49473011e-01]]

 [[ 9.94532764e-01 -3.72745916e-02 -9.75458026e-02]
  [-1.54940123e-02  8.71110737e-01 -4.90842164e-01]
  [ 1.03269130e-01  4.89669979e-01  8.65770638e-01]]

 [[ 9.98942673e-01 -3.68959084e-02  2.74261199e-02]
  [ 4.55097854e-02  8.78093064e-01 -4.76320684e-01]
  [-6.50840346e-03  4.77065235e-01  8.78843784e-01]]

 [[ 9.92805719e-01 -1.17505908e-01  2.30063293e-02]
  [ 1.15076341e-01  9.89468753e-01  8.78010914e-02]
  [-3.30811888e-02 -8.45219269e-02  9.95872378e-01]]

 [[ 9.72937226e-01  1.97617322e-01  1.19751617e-01]
  [-1.86839312e-01  9.77738559e-01 -9.54901651e-02]
  [-1.35956287e-01  7.05316290e-02  9.88200903e-01]]

 [[ 9.66296613e-01 -2.31204674e-01 -1.13204338e-01]
  [ 2.02615440e-01  9.54322875e-01 -2.19578817e-01]
  [ 1.58801123e-01  1.89241320e-01  9.69004571e-01]]

 [[ 9.97900724e-01 -6.22834750e-02  1.77446064e-02]
  [ 6.27950579e-02  9.97578442e-01 -2.99010295e-02]
  [-1.58392955e-02  3.09525337e-02  9.99395370e-01]]

 [[ 9.49803174e-01 -3.12136501e-01  2.10859384e-02]
  [ 3.05636585e-01  9.40187693e-01  1.50443867e-01]
  [-6.67837635e-02 -1.36447445e-01  9.88393605e-01]]

 [[ 9.50073779e-01  3.08660716e-01  4.56986874e-02]
  [-3.11881155e-01  9.34943438e-01  1.69147789e-01]
  [ 9.48358607e-03 -1.74955443e-01  9.84530687e-01]]

 [[ 9.98545885e-01  5.48526761e-04 -5.39059825e-02]
  [ 5.46257989e-03  9.93771791e-01  1.11300297e-01]
  [ 5.36312982e-02 -1.11432917e-01  9.92323756e-01]]

 [[ 9.89515066e-01  1.42572090e-01 -2.30894629e-02]
  [-1.42685205e-01  9.89762545e-01 -3.31983808e-03]
  [ 2.23797709e-02  6.57955511e-03  9.99727905e-01]]

 [[ 9.13546443e-01 -3.57546180e-01  1.93890691e-01]
  [ 3.53530914e-01  9.33736086e-01  5.61493412e-02]
  [-2.01118723e-01  1.72513295e-02  9.79414880e-01]]

 [[ 9.76633012e-01  1.35752028e-02 -2.14484558e-01]
  [ 1.31393299e-02  9.92364526e-01  1.22637577e-01]
  [ 2.14511707e-01 -1.22590102e-01  9.68997598e-01]]

 [[ 6.46485388e-01  7.62546480e-01 -2.40736287e-02]
  [-7.62545705e-01  6.46837771e-01  1.11810314e-02]
  [ 2.40977854e-02  1.11288680e-02  9.99647737e-01]]

 [[ 5.84230185e-01 -7.55861342e-01  2.95548260e-01]
  [ 7.77964771e-01  6.25304997e-01  6.13552779e-02]
  [-2.31183901e-01  1.94080517e-01  9.53355551e-01]]

 [[ 4.08990860e-01 -3.06899160e-01 -8.59383166e-01]
  [ 4.11694705e-01  9.02517319e-01 -1.26372516e-01]
  [ 8.14391732e-01 -3.02118301e-01  4.95470107e-01]]

 [[ 1.33096993e-01  3.85885805e-01  9.12895083e-01]
  [-3.06493193e-01  8.91965985e-01 -3.32353294e-01]
  [-9.42521691e-01 -2.35560939e-01  2.36989364e-01]]

 [[ 9.66331065e-01 -2.48629227e-01 -6.62420839e-02]
  [ 2.53358722e-01  9.64347959e-01  7.64358789e-02]
  [ 4.48762253e-02 -9.06453505e-02  9.94871795e-01]]

 [[ 9.39212799e-01  3.29028577e-01  9.80790257e-02]
  [-3.35295111e-01  9.40457165e-01  5.58340475e-02]
  [-7.38681257e-02 -8.53254721e-02  9.93611097e-01]]

 [[ 9.60511684e-01  2.57137895e-01 -1.06289737e-01]
  [-2.31408358e-01  9.50367570e-01  2.07970306e-01]
  [ 1.54491365e-01 -1.75161555e-01  9.72343028e-01]]

 [[ 9.65304971e-01 -2.39583254e-01  1.03856325e-01]
  [ 2.17164710e-01  9.57426250e-01  1.90196216e-01]
  [-1.45002574e-01 -1.61043420e-01  9.76237357e-01]]]
[ 0.42637885  0.68499005 -0.28568095 -0.4935312  -0.20559871  0.04976115
  0.01529598  0.09284908 -0.01265137 -0.01037169]