[[[ 0.73931557 -0.10855535 -0.6645512 ]
  [ 0.17300358 -0.9231669   0.34326768]
  [-0.65075517 -0.36875287 -0.66373116]]]
[[[ 9.53043580e-01 -2.66871512e-01 -1.43134803e-01]
  [ 2.97244221e-01  7.33980715e-01  6.10670328e-01]
  [-5.79123050e-02 -6.24541402e-01  7.78841615e-01]]

 [[ 9.39310551e-01  1.81561708e-01  2.91085899e-01]
  [-3.35593730e-01  3.10135067e-01  8.89490426e-01]
  [ 7.12214261e-02 -9.33194339e-01  3.52244109e-01]]

 [[ 9.96936321e-01 -5.38463145e-02 -5.67327142e-02]
  [-1.22145563e-02  6.09244525e-01 -7.92888284e-01]
  [ 7.72582144e-02  7.91152060e-01  6.06720269e-01]]

 [[ 9.49851811e-01 -1.85979500e-01 -2.51382262e-01]
  [-2.88666375e-02  7.48324633e-01 -6.62704229e-01]
  [ 3.11364949e-01  6.36727452e-01  7.05428898e-01]]

 [[ 9.95410323e-01  1.13064637e-02  9.50290859e-02]
  [ 4.77987602e-02  8.01525652e-01 -5.96046865e-01]
  [-8.29074383e-02  5.97853422e-01  7.97306478e-01]]

 [[ 9.97569442e-01 -6.52375221e-02  2.44813450e-02]
  [ 6.36443347e-02  9.96105552e-01  6.10183701e-02]
  [-2.83666886e-02 -5.93119599e-02  9.97836471e-01]]

 [[ 9.65489507e-01  2.59174317e-01  2.56661382e-02]
  [-2.59506792e-01  9.65683758e-01  1.05442815e-02]
  [-2.20525637e-02 -1.68409273e-02  9.99615014e-01]]

 [[ 9.38683808e-01 -3.44546467e-01 -1.26666846e-02]
  [ 3.36567044e-01  9.23677683e-01 -1.83145300e-01]
  [ 7.48019964e-02  1.67652339e-01  9.83004272e-01]]

 [[ 9.98306334e-01 -5.81124462e-02 -2.73102429e-03]
  [ 5.81741743e-02  9.97592092e-01  3.77594940e-02]
  [ 5.30151650e-04 -3.78544144e-02  9.99283135e-01]]

 [[ 9.40228999e-01 -3.22920203e-01  1.08129047e-01]
  [ 2.97126353e-01  9.33045447e-01  2.02835202e-01]
  [-1.66388899e-01 -1.58583567e-01  9.73224461e-01]]

 [[ 8.71547878e-01  4.88305390e-01 -4.42957617e-02]
  [-4.76954043e-01  8.65282416e-01  1.54276207e-01]
  [ 1.13662243e-01 -1.13332056e-01  9.87034261e-01]]

 [[ 9.82649088e-01 -1.63617749e-02 -1.84751272e-01]
  [ 5.75477183e-02  9.73837316e-01  2.19838858e-01]
  [ 1.76320732e-01 -2.26656482e-01  9.57881927e-01]]

 [[ 9.03759420e-01  1.33735105e-01 -4.06612545e-01]
  [-1.09866373e-01  9.90590274e-01  8.16106796e-02]
  [ 4.13700640e-01 -2.90833805e-02  9.09948289e-01]]

 [[ 9.41891134e-01 -1.97561696e-01  2.71680832e-01]
  [ 1.74910992e-01  9.78920579e-01  1.05454929e-01]
  [-2.86787778e-01 -5.18070981e-02  9.56592321e-01]]

 [[ 9.80133474e-01 -5.62944710e-02 -1.90182313e-01]
  [ 1.06079914e-01  9.58991587e-01  2.62835085e-01]
  [ 1.67587057e-01 -2.77787983e-01  9.45911467e-01]]

 [[ 6.07957840e-01  6.44469142e-01 -4.63731349e-01]
  [-5.85850120e-01  7.58337200e-01  2.85839647e-01]
  [ 5.35879612e-01  9.78986025e-02  8.38599384e-01]]

 [[ 7.69243777e-01 -5.90057969e-01  2.45144024e-01]
  [ 5.89253187e-01  8.03473651e-01  8.49159807e-02]
  [-2.47072116e-01  7.91308209e-02  9.65760648e-01]]

 [[-1.65083900e-01 -2.95356363e-01 -9.41016495e-01]
  [ 3.84286851e-01  8.59442234e-01 -3.37168694e-01]
  [ 9.08334136e-01 -4.17281359e-01 -2.83785127e-02]]

 [[-3.48039955e-01  4.18960005e-01  8.38654101e-01]
  [-3.83341402e-01  7.52775013e-01 -5.35144031e-01]
  [-8.55521798e-01 -5.07742345e-01 -1.01391070e-01]]

 [[ 9.33248341e-01 -3.53516698e-01 -6.38244823e-02]
  [ 3.56213450e-01  9.33667362e-01  3.71107161e-02]
  [ 4.64715809e-02 -5.73686473e-02  9.97270942e-01]]

 [[ 9.09172654e-01  4.04775798e-01  9.77839604e-02]
  [-4.01822507e-01  9.14400280e-01 -4.90992405e-02]
  [-1.09287873e-01  5.34789031e-03  9.93995726e-01]]

 [[ 9.77223635e-01  1.90652370e-01 -9.31970328e-02]
  [-1.75415143e-01  9.72867310e-01  1.50859505e-01]
  [ 1.19430080e-01 -1.31075293e-01  9.84152257e-01]]

 [[ 9.73212600e-01 -2.10607156e-01  9.22053605e-02]
  [ 1.95965827e-01  9.69628334e-01  1.46349847e-01]
  [-1.20227255e-01 -1.24360412e-01  9.84926343e-01]]]
[ 0.23886164  0.5487497  -0.12842773 -0.32947996 -0.11773682 -0.05631413
 -0.01839605  0.10606463 -0.06483662  0.0052442 ]