[[[ 0.6863148  -0.02471998 -0.7268843 ]
  [ 0.06974034 -0.9925801   0.09960373]
  [-0.7239532  -0.11905268 -0.6794985 ]]]
[[[ 0.99275076 -0.05770981 -0.10542974]
  [ 0.11273453  0.7512518   0.65031666]
  [ 0.04167462 -0.657488    0.7523117 ]]

 [[ 0.99122345  0.04489318  0.12434061]
  [-0.12457431  0.6319729   0.7649126 ]
  [-0.04424055 -0.77368903  0.6320189 ]]

 [[ 0.99946344 -0.03255342  0.00360233]
  [ 0.02389638  0.64958096 -0.7599167 ]
  [ 0.02239789  0.75959516  0.65001035]]

 [[ 0.99434733 -0.038674   -0.09888174]
  [-0.01528753  0.86945    -0.4937843 ]
  [ 0.10506936  0.4925048   0.86394405]]

 [[ 0.9989126  -0.03782738  0.02725357]
  [ 0.04624357  0.8782694  -0.47592488]
  [-0.00593298  0.47666767  0.8790636 ]]

 [[ 0.9926774  -0.11849772  0.02344968]
  [ 0.1160827   0.98949575  0.08615626]
  [-0.03341268 -0.08280326  0.9960056 ]]

 [[ 0.9728392   0.19793674  0.12002084]
  [-0.18705931  0.9776385  -0.09608267]
  [-0.13635527  0.07102197  0.9881109 ]]

 [[ 0.96626335 -0.23111928 -0.11366204]
  [ 0.20236646  0.9542687  -0.22004339]
  [ 0.15932038  0.18961848  0.96884567]]

 [[ 0.9978564  -0.06288318  0.01812015]
  [ 0.06340765  0.997537   -0.02999099]
  [-0.01618959  0.03107565  0.99938595]]

 [[ 0.94994414 -0.31168264  0.02144791]
  [ 0.30513576  0.9403452   0.15047596]
  [-0.0670692  -0.13639924  0.98838097]]

 [[ 0.9503921   0.3078064   0.04483343]
  [-0.3108914   0.9353097   0.16894464]
  [ 0.0100691  -0.17450197  0.9846054 ]]

 [[ 0.9986403   0.00241757 -0.05207422]
  [ 0.00323891  0.99411666  0.10826581]
  [ 0.0520296  -0.10828726  0.99275714]]

 [[ 0.98963493  0.14165163 -0.02361108]
  [-0.14178258  0.9898899  -0.0039586 ]
  [ 0.02281163  0.00726521  0.99971336]]

 [[ 0.91290426 -0.35807768  0.19592386]
  [ 0.35386693  0.9335371   0.05732927]
  [-0.20343053  0.01699485  0.97894186]]

 [[ 0.9766066   0.0147235  -0.21452901]
  [ 0.01163219  0.99257505  0.12107572]
  [ 0.21471882 -0.1207388   0.9691841 ]]

 [[ 0.64621913  0.7627967  -0.02328167]
  [-0.76282656  0.6465337   0.00947538]
  [ 0.02228017  0.0116367   0.99968404]]

 [[ 0.5840049  -0.7551224   0.29787305]
  [ 0.7770902   0.62615025  0.06377071]
  [-0.23466797  0.19423182  0.95247304]]

 [[ 0.41266122 -0.30624473 -0.85786074]
  [ 0.40987653  0.90348464 -0.12536682]
  [ 0.81345683 -0.29988292  0.4983556 ]]

 [[ 0.13359411  0.38520312  0.91311073]
  [-0.3051618   0.8925912  -0.33189958]
  [-0.94288325 -0.23430668  0.2367942 ]]

 [[ 0.9665888  -0.24777463 -0.06567945]
  [ 0.25245175  0.9645911   0.07636791]
  [ 0.04443178 -0.09039725  0.99491405]]

 [[ 0.9394511   0.32851076  0.09753089]
  [-0.33467525  0.9407212   0.05510025]
  [-0.07364836 -0.08440518  0.993706  ]]

 [[ 0.96066314  0.25665712 -0.10608213]
  [-0.23093966  0.95044017  0.20815954]
  [ 0.15425034 -0.17547263  0.97232515]]

 [[ 0.9655886  -0.23896284  0.10264182]
  [ 0.21673009  0.9575001   0.19032024]
  [-0.143759   -0.16152549  0.97634166]]]
[ 0.42468643  0.68388164 -0.2884992  -0.49806985 -0.20633638  0.04934982
  0.01553801  0.09381296 -0.01343222 -0.01123318]