[[[ 0.16229379  0.03461617 -0.98613507]
  [ 0.18612279 -0.9825189  -0.00385796]
  [-0.9690299  -0.1829161  -0.16589957]]]
[[[ 9.91894126e-01 -1.18419357e-01  4.60748710e-02]
  [ 8.22304562e-02  8.74648809e-01  4.77731794e-01]
  [-9.68720168e-02 -4.70070630e-01  8.77296686e-01]]

 [[ 9.73535120e-01  1.83253050e-01  1.36556640e-01]
  [-2.25221559e-01  6.67885840e-01  7.09368587e-01]
  [ 3.87896970e-02 -7.21350729e-01  6.91482842e-01]]

 [[ 9.94882286e-01 -9.95033383e-02 -1.75605901e-02]
  [ 6.26951978e-02  7.44215906e-01 -6.64990306e-01]
  [ 7.92376176e-02  6.60486102e-01  7.46645629e-01]]

 [[ 9.98225331e-01 -2.20022514e-03 -5.95097430e-02]
  [-4.30744694e-05  9.99290228e-01 -3.76685448e-02]
  [ 5.95503896e-02  3.76042537e-02  9.97516751e-01]]

 [[ 9.94672358e-01 -1.02451414e-01  1.14295175e-02]
  [ 8.82165879e-02  7.88577557e-01 -6.08574688e-01]
  [ 5.33362776e-02  6.06340706e-01  7.93414235e-01]]

 [[ 9.92980182e-01 -1.11915737e-01  3.82777825e-02]
  [ 1.11866534e-01  9.93717313e-01  3.43166292e-03]
  [-3.84213515e-02  8.74429301e-04  9.99261200e-01]]

 [[ 9.58628535e-01  2.32059062e-01  1.64863437e-01]
  [-2.09408462e-01  9.67200935e-01 -1.43772438e-01]
  [-1.92819759e-01  1.03300564e-01  9.75781560e-01]]

 [[ 9.75892723e-01 -1.89673066e-01 -1.07970126e-01]
  [ 1.72776684e-01  9.73657489e-01 -1.48792356e-01]
  [ 1.33347839e-01  1.26550645e-01  9.82956350e-01]]

 [[ 9.98897612e-01 -4.69228886e-02 -1.35184079e-03]
  [ 4.68135364e-02  9.97875214e-01 -4.53157537e-02]
  [ 3.47531447e-03  4.52025123e-02  9.98971820e-01]]

 [[ 9.47564960e-01 -3.18769574e-01  2.25078706e-02]
  [ 3.13861251e-01  9.41592157e-01  1.22046106e-01]
  [-6.00978211e-02 -1.08582266e-01  9.92269158e-01]]

 [[ 9.72681344e-01  2.30029538e-01 -3.12630683e-02]
  [-2.23960310e-01  9.65285122e-01  1.34410888e-01]
  [ 6.10962585e-02 -1.23737283e-01  9.90432322e-01]]

 [[ 9.85857964e-01 -2.37778276e-02 -1.65887579e-01]
  [ 2.86133913e-03  9.92126942e-01 -1.25203773e-01]
  [ 1.67558610e-01  1.22958474e-01  9.78164256e-01]]

 [[ 9.91302311e-01 -3.69361565e-02 -1.26315132e-01]
  [ 3.22415233e-02  9.98718500e-01 -3.90114114e-02]
  [ 1.27594188e-01  3.45995091e-02  9.91222858e-01]]

 [[ 9.35237885e-01 -4.51285541e-02  3.51131827e-01]
  [ 4.62424234e-02  9.98916566e-01  5.21741062e-03]
  [-3.50986898e-01  1.13576669e-02  9.36311483e-01]]

 [[ 9.69654560e-01 -1.27915116e-02 -2.44144246e-01]
  [ 1.76203027e-02  9.99689817e-01  1.76046230e-02]
  [ 2.43843302e-01 -2.13722996e-02  9.69579160e-01]]

 [[ 6.93925798e-01  6.95469260e-01 -1.86519578e-01]
  [-7.13675439e-01  6.98692501e-01 -4.99610268e-02]
  [ 9.55734774e-02  1.67783707e-01  9.81180072e-01]]

 [[ 6.42572641e-01 -6.64695621e-01  3.81156236e-01]
  [ 7.08297491e-01  7.05025554e-01  3.54051031e-02]
  [-2.92258561e-01  2.47221664e-01  9.23832357e-01]]

 [[-3.62126797e-01 -2.89650887e-01 -8.85983467e-01]
  [ 1.08965181e-01  9.30823326e-01 -3.48847419e-01]
  [ 9.25738037e-01 -2.22868294e-01 -3.05514216e-01]]

 [[-7.95993581e-02  3.17206949e-01  9.45009887e-01]
  [-4.12103273e-02  9.46160376e-01 -3.21064323e-01]
  [-9.95974720e-01 -6.45006821e-02 -6.22415580e-02]]

 [[ 9.58666861e-01 -2.34805241e-01 -1.60699815e-01]
  [ 2.57526249e-01  9.56199706e-01  1.39148563e-01]
  [ 1.20988302e-01 -1.74781531e-01  9.77145493e-01]]

 [[ 9.45908606e-01  2.97883421e-01  1.28539264e-01]
  [-2.97955751e-01  9.54388201e-01 -1.91187710e-02]
  [-1.28371522e-01 -2.02144012e-02  9.91520107e-01]]

 [[ 9.72958267e-01  2.09862262e-01 -9.64880511e-02]
  [-1.93826735e-01  9.69013095e-01  1.53116897e-01]
  [ 1.25631645e-01 -1.30274400e-01  9.83486235e-01]]

 [[ 9.83093143e-01 -1.74831122e-01  5.44238165e-02]
  [ 1.62883535e-01  9.70775723e-01  1.76248372e-01]
  [-8.36470127e-02 -1.64403826e-01  9.82840061e-01]]]
[ 0.04602188  0.34676534 -0.11622755 -0.3914443  -0.09306991  0.13284418
  0.10729264 -0.03201181 -0.03070854  0.04298282]