[[[-0.76994616 -0.19558349 -0.6073961 ]
  [ 0.16833214 -0.9804062   0.10231309]
  [-0.6155057  -0.02346873  0.78778297]]]
[[[ 0.8821664  -0.46449727 -0.07761926]
  [ 0.3795687   0.6037267   0.70102906]
  [-0.27876526 -0.6478861   0.708896  ]]

 [[ 0.951697    0.2569499   0.16807638]
  [-0.21577406  0.17026143  0.9614846 ]
  [ 0.21843645 -0.9513084   0.2174804 ]]

 [[ 0.99696237  0.01564054 -0.07629733]
  [-0.0755737   0.43109995 -0.8991336 ]
  [ 0.01882884  0.9021686   0.43097243]]

 [[ 0.978541   -0.03551783 -0.20296817]
  [-0.05203002  0.9105199  -0.41017848]
  [ 0.1993752   0.41193688  0.8891331 ]]

 [[ 0.93944925 -0.34201708  0.0214329 ]
  [ 0.06122825  0.10598621 -0.99248075]
  [ 0.33717376  0.93369764  0.12050977]]

 [[ 0.9969011   0.07339431  0.02831219]
  [-0.07491077  0.9955684   0.05685077]
  [-0.0240142  -0.05879548  0.99798125]]

 [[ 0.9247443   0.32675397  0.19514027]
  [-0.30237344  0.94214624 -0.14467481]
  [-0.23112373  0.07478197  0.9700461 ]]

 [[ 0.97590923 -0.15046702 -0.15799016]
  [ 0.16017713  0.9857922   0.05056722]
  [ 0.14813676 -0.07465542  0.9861451 ]]

 [[ 0.9984855   0.04378954 -0.03330405]
  [-0.04463325  0.9986899  -0.02502623]
  [ 0.03216453  0.0264748   0.99913186]]

 [[ 0.9208102  -0.38712272  0.04737605]
  [ 0.3801587   0.91803366  0.1126659 ]
  [-0.08710834 -0.0857335   0.99250287]]

 [[ 0.9768728   0.20102268 -0.07286569]
  [-0.19359256  0.97619975  0.09775486]
  [ 0.0907824  -0.0813878   0.99253947]]

 [[ 0.99783033 -0.06205957  0.02198303]
  [ 0.06218081  0.99805295 -0.00487425]
  [-0.02163774  0.0062306   0.99974644]]

 [[ 0.8621746  -0.05306878 -0.50382423]
  [ 0.10690773  0.9911615   0.07854597]
  [ 0.4952029  -0.12158301  0.8602277 ]]

 [[ 0.7891088   0.16102459  0.59277177]
  [-0.25298274  0.9645787   0.07475056]
  [-0.55973834 -0.20894736  0.801894  ]]

 [[ 0.99978334 -0.01399674  0.01540764]
  [ 0.00772105  0.93673706  0.3499486 ]
  [-0.01933105 -0.34975383  0.93664217]]

 [[ 0.8933358   0.3210401  -0.31445897]
  [-0.18563357  0.9008792   0.39237332]
  [ 0.40925717 -0.292147    0.86438346]]

 [[ 0.7318789  -0.48878226  0.47481066]
  [ 0.32340816  0.86245584  0.38932893]
  [-0.59980035 -0.13138399  0.78928936]]

 [[ 0.86495525 -0.16795291 -0.4729103 ]
  [ 0.3172336   0.9131655   0.25591332]
  [ 0.38886398 -0.37137663  0.8431276 ]]

 [[ 0.7746987   0.1123983   0.62226075]
  [-0.12456143  0.99191934 -0.02409348]
  [-0.6199405  -0.05884453  0.7824391 ]]

 [[ 0.9506328  -0.30830723  0.035268  ]
  [ 0.30989358  0.9372407  -0.15983091]
  [ 0.01622242  0.16286986  0.9865142 ]]

 [[ 0.9640487   0.26546136  0.01185273]
  [-0.26191953  0.9568163  -0.12609811]
  [-0.04481506  0.11846025  0.991947  ]]

 [[ 0.99436915  0.08289616 -0.06601699]
  [-0.06552688  0.9705691   0.23173656]
  [ 0.08328413 -0.2261058   0.9705359 ]]

 [[ 0.99404037 -0.06454788  0.08784904]
  [ 0.0494472   0.98516256  0.16434605]
  [-0.09715379 -0.1590227   0.9824831 ]]]
[ 0.2602653   0.27354243 -0.2297799  -0.33317122 -0.07803303 -0.04016878
  0.16746514 -0.02140117 -0.09483635  0.0115968 ]