[[[-0.653488   -0.09853197 -0.7504964 ]
  [ 0.09922314 -0.9940868   0.04411507]
  [-0.7504053  -0.04563794  0.6594004 ]]]
[[[ 0.92623967 -0.37010327 -0.07143926]
  [ 0.30417863  0.62197804  0.7215391 ]
  [-0.22261032 -0.69004846  0.68867826]]

 [[ 0.976748    0.16197266  0.14045708]
  [-0.17351787  0.21246994  0.96163815]
  [ 0.1259162  -0.96365     0.23563473]]

 [[ 0.99823236  0.00109056 -0.0594222 ]
  [-0.0549964   0.39596704 -0.9166164 ]
  [ 0.02252961  0.9182641   0.3953271 ]]

 [[ 0.99005014  0.02381144 -0.1386855 ]
  [-0.08774026  0.8749855  -0.47613227]
  [ 0.11001042  0.48356315  0.86836874]]

 [[ 0.9740964  -0.1965778  -0.11177356]
  [ 0.05888455  0.6977308  -0.71393585]
  [ 0.21833178  0.68886065  0.69123244]]

 [[ 0.9980687   0.04118922  0.04650217]
  [-0.04480061  0.995828    0.07949521]
  [-0.04303381 -0.081425    0.99575   ]]

 [[ 0.92741966  0.31055507  0.20844275]
  [-0.28316465  0.9470834  -0.15116444]
  [-0.24435759  0.08116926  0.966282  ]]

 [[ 0.96395206 -0.20806527 -0.1658469 ]
  [ 0.18858257  0.9739663  -0.12580256]
  [ 0.18770443  0.08999181  0.97809434]]

 [[ 0.99945754  0.03044783 -0.01254832]
  [-0.03110468  0.99794716 -0.05598275]
  [ 0.010818    0.0563427   0.9983529 ]]

 [[ 0.9415762  -0.33679757  0.00130534]
  [ 0.33566663  0.938718    0.07833512]
  [-0.02760842 -0.07332032  0.99692625]]

 [[ 0.9602494   0.2738847  -0.05392877]
  [-0.2703458   0.9605856   0.0647197 ]
  [ 0.06952892 -0.04756764  0.99644536]]

 [[ 0.9952789  -0.09026494 -0.03566803]
  [ 0.08811965  0.9944357  -0.05772818]
  [ 0.04068039  0.05431258  0.997695  ]]

 [[ 0.84024036 -0.16037318 -0.5179541 ]
  [ 0.2226803   0.9730461   0.05995604]
  [ 0.4943779  -0.16571568  0.85330456]]

 [[ 0.761179    0.20404038  0.6156088 ]
  [-0.2915914   0.9555381   0.04383446]
  [-0.5792936  -0.21287207  0.7868319 ]]

 [[ 0.99947464 -0.01578364 -0.02830668]
  [ 0.0254168   0.9236385   0.38242096]
  [ 0.02010915 -0.38293952  0.9235545 ]]

 [[ 0.88135254  0.2921125  -0.37133273]
  [-0.13974987  0.9119716   0.38571715]
  [ 0.45131773 -0.2880591   0.8445912 ]]

 [[ 0.7553419  -0.46162137  0.46514982]
  [ 0.31068677  0.87720597  0.36603758]
  [-0.57700294 -0.13196763  0.80601007]]

 [[ 0.6938762  -0.14828494 -0.70466125]
  [ 0.368088    0.9140998   0.17009631]
  [ 0.618908   -0.3774031   0.68885404]]

 [[ 0.78665704  0.05558951  0.61488247]
  [-0.04882826  0.9984205  -0.02779485]
  [-0.6154562  -0.00815864  0.78812885]]

 [[ 0.9436984  -0.32969624 -0.02708704]
  [ 0.32506764  0.93939805 -0.10891453]
  [ 0.06135422  0.09397735  0.993682  ]]

 [[ 0.9564238   0.2849739   0.06358612]
  [-0.2778144   0.95518816 -0.10215024]
  [-0.08984686  0.08003379  0.99273455]]

 [[ 0.989961    0.11143589 -0.08694406]
  [-0.09050188  0.9722624   0.21567413]
  [ 0.10856627 -0.20564038  0.97258705]]

 [[ 0.99271697 -0.08443215  0.08593214]
  [ 0.06618585  0.97825235  0.19657515]
  [-0.10066058 -0.18945599  0.9767159 ]]]
[ 0.27306414  0.26358885 -0.2507347  -0.24969432 -0.03732854 -0.0084756
  0.16171476 -0.01487082 -0.09730959  0.04124069]