[[[ 0.7402322  -0.06898803 -0.6688026 ]
  [ 0.17292891 -0.94172245  0.28853825]
  [-0.6497322  -0.32924062 -0.68516326]]]
[[[ 9.66750443e-01 -2.05372497e-01 -1.52366981e-01]
  [ 2.51875699e-01  8.67677391e-01  4.28596050e-01]
  [ 4.41835523e-02 -4.52722967e-01  8.90555859e-01]]

 [[ 9.63332713e-01  1.10769756e-01  2.44377032e-01]
  [-2.63811558e-01  5.57113707e-01  7.87418485e-01]
  [-4.89236265e-02 -8.23015511e-01  5.65908194e-01]]

 [[ 9.95169580e-01 -9.38766375e-02 -2.87187807e-02]
  [ 5.64025976e-02  7.86182225e-01 -6.15415633e-01]
  [ 8.03513378e-02  6.10823095e-01  7.87679493e-01]]

 [[ 9.00451481e-01 -2.80221194e-01 -3.32660854e-01]
  [-2.63617355e-02  7.28248537e-01 -6.84805870e-01]
  [ 4.34156895e-01  6.25404000e-01  6.48365378e-01]]

 [[ 9.83812630e-01  6.88799620e-02  1.65433720e-01]
  [ 7.91132748e-02  6.61394358e-01 -7.45854318e-01]
  [-1.60791337e-01  7.46868849e-01  6.45238817e-01]]

 [[ 9.97979760e-01 -4.41045538e-02  4.57305722e-02]
  [ 4.22323830e-02  9.98260975e-01  4.11276333e-02]
  [-4.74649593e-02 -3.91132310e-02  9.98106897e-01]]

 [[ 9.66639221e-01  2.52269089e-01  4.43733931e-02]
  [-2.49723032e-01  9.66705859e-01 -5.58417924e-02]
  [-5.69831692e-02  4.28978056e-02  9.97453213e-01]]

 [[ 9.71786201e-01 -2.32416540e-01 -4.01750281e-02]
  [ 2.29436547e-01  9.70984280e-01 -6.74425289e-02]
  [ 5.46840765e-02  5.63221015e-02  9.96913970e-01]]

 [[ 9.99773264e-01 -1.70900412e-02  1.27053484e-02]
  [ 1.70085356e-02  9.99834180e-01  6.49620406e-03]
  [-1.28142638e-02 -6.27863128e-03  9.99898136e-01]]

 [[ 9.35447633e-01 -3.52630287e-01  2.42815446e-02]
  [ 3.32136154e-01  9.00425553e-01  2.80926049e-01]
  [-1.20926745e-01 -2.54726827e-01  9.59422231e-01]]

 [[ 9.23034608e-01  3.84669662e-01 -6.03535352e-03]
  [-3.75238091e-01  9.03642476e-01  2.06462249e-01]
  [ 8.48735571e-02 -1.88307106e-01  9.78435993e-01]]

 [[ 9.96908188e-01  6.48929626e-02  4.43063751e-02]
  [-7.27843121e-02  9.75094497e-01  2.09507078e-01]
  [-2.96073630e-02 -2.12084115e-01  9.76802886e-01]]

 [[ 9.78465557e-01  1.74970150e-01 -1.09502122e-01]
  [-1.68383732e-01  9.83453870e-01  6.68241531e-02]
  [ 1.19382508e-01 -4.69467528e-02  9.91737843e-01]]

 [[ 9.36282814e-01 -3.05649966e-01  1.73068106e-01]
  [ 3.00455540e-01  9.52143788e-01  5.61129265e-02]
  [-1.81936637e-01 -5.38298686e-04  9.83310103e-01]]

 [[ 9.96540904e-01  5.74142225e-02 -6.00827038e-02]
  [-4.53741550e-02  9.81609464e-01  1.85429722e-01]
  [ 6.96240440e-02 -1.82062075e-01  9.80819106e-01]]

 [[ 6.17868185e-01  7.50709951e-01 -2.33823419e-01]
  [-7.41433978e-01  6.55265391e-01  1.44578308e-01]
  [ 2.61752784e-01  8.40342864e-02  9.61469531e-01]]

 [[ 5.06627798e-01 -8.07158947e-01  3.03022623e-01]
  [ 8.37581635e-01  5.44111907e-01  4.89819646e-02]
  [-2.04414442e-01  2.28990555e-01  9.51723754e-01]]

 [[ 4.57857065e-02 -3.23709518e-01 -9.45048094e-01]
  [ 4.45717305e-01  8.53269815e-01 -2.70678371e-01]
  [ 8.94002140e-01 -4.08831060e-01  1.83350503e-01]]

 [[ 9.87604856e-02  4.12386000e-01  9.05640125e-01]
  [-3.12608123e-01  8.76873553e-01 -3.65196973e-01]
  [-9.44734097e-01 -2.47043446e-01  2.15515673e-01]]

 [[ 9.58135188e-01 -2.85207957e-01 -2.51645744e-02]
  [ 2.86117643e-01  9.50495720e-01  1.21221043e-01]
  [-1.06543852e-02 -1.23346195e-01  9.92306411e-01]]

 [[ 9.60988700e-01  2.70512432e-01  5.76520450e-02]
  [-2.74989635e-01  9.56824481e-01  9.41682011e-02]
  [-2.96892170e-02 -1.06348284e-01  9.93885636e-01]]

 [[ 9.71294940e-01  2.25093111e-01 -7.69373104e-02]
  [-2.12280348e-01  9.66139138e-01  1.46670565e-01]
  [ 1.07346669e-01 -1.26128078e-01  9.86188889e-01]]

 [[ 9.72592354e-01 -2.19566986e-01  7.65142739e-02]
  [ 2.08061770e-01  9.68731284e-01  1.35166258e-01]
  [-1.03799827e-01 -1.15541972e-01  9.87864137e-01]]]
[ 0.10489938  0.49151748 -0.2032883  -0.3329154  -0.10337174  0.02015242
  0.03071937  0.08763793 -0.01350738 -0.02329296]