[[[-0.9625319  -0.13229433 -0.23670745]
  [ 0.06966307 -0.9642578   0.25564423]
  [-0.2620673   0.22957599  0.9373449 ]]]
[[[ 0.80681354 -0.5785717  -0.11961091]
  [ 0.46031874  0.48869154  0.7411392 ]
  [-0.37034926 -0.65302026  0.6606103 ]]

 [[ 0.8007429   0.59899974 -0.00318417]
  [-0.53134745  0.71273947  0.4579    ]
  [ 0.27655146 -0.36496827  0.88899803]]

 [[ 0.99935806  0.01751524  0.03125542]
  [ 0.00463089  0.8018974  -0.5974438 ]
  [-0.03552803  0.5972049   0.80130154]]

 [[ 0.99314624  0.11656806 -0.00850641]
  [-0.0964509   0.7762917  -0.62295127]
  [-0.06601274  0.61950225  0.7822143 ]]

 [[ 0.9513602   0.11326692  0.2865039 ]
  [ 0.03735394  0.88069344 -0.47221157]
  [-0.30580804  0.4599453   0.83362573]]

 [[ 0.998861    0.04232701  0.02202677]
  [-0.03995817  0.9943159  -0.0986879 ]
  [-0.02607873  0.09769534  0.9948747 ]]

 [[ 0.942391    0.33004984  0.05446338]
  [-0.3294242   0.9439627  -0.02034934]
  [-0.05812769  0.00123548  0.9983083 ]]

 [[ 0.96276295 -0.26837033 -0.03263154]
  [ 0.26865166  0.9632269   0.00448477]
  [ 0.030228   -0.01308428  0.9994573 ]]

 [[ 0.9975596   0.06443079  0.02689768]
  [-0.0654237   0.9971403   0.03782876]
  [-0.02438342 -0.03949619  0.99892217]]

 [[ 0.87855107 -0.429067    0.20987989]
  [ 0.41674224  0.9032698   0.10212478]
  [-0.23339655 -0.00225602  0.97237897]]

 [[ 0.92501605  0.32294428 -0.2001306 ]
  [-0.28960505  0.94030404  0.17876585]
  [ 0.24591503 -0.10740245  0.96332264]]

 [[ 0.9904582  -0.11288044 -0.07906049]
  [ 0.11236295  0.9936066  -0.01097828]
  [ 0.07979426  0.00199006  0.9968094 ]]

 [[ 0.9071246   0.1802417  -0.38031313]
  [-0.15264323  0.98302436  0.1017992 ]
  [ 0.39220554 -0.03429233  0.9192382 ]]

 [[ 0.8427473   0.03116108  0.5374067 ]
  [-0.09355189  0.9916098   0.08920801]
  [-0.5301179  -0.12545523  0.83859164]]

 [[ 0.99701965 -0.03975173  0.06611716]
  [ 0.02823768  0.9855935   0.16675721]
  [-0.07179354 -0.16439325  0.9837786 ]]

 [[ 0.57284033  0.7185562  -0.39437404]
  [-0.6708643   0.687457    0.27810767]
  [ 0.47095126  0.10526018  0.8758568 ]]

 [[ 0.498374   -0.6282695   0.59741175]
  [ 0.49357945  0.77212524  0.4002524 ]
  [-0.712743    0.09539478  0.694908  ]]

 [[ 0.5147751  -0.25592497 -0.8182352 ]
  [ 0.4099355   0.9117071  -0.02725867]
  [ 0.75296706 -0.3213916   0.57423687]]

 [[ 0.6050265   0.15287001  0.7813921 ]
  [-0.29308766  0.9552462   0.04005328]
  [-0.7402989  -0.2532497   0.62275356]]

 [[ 0.97670984 -0.21233234  0.0308703 ]
  [ 0.20274183  0.9603889   0.1911777 ]
  [-0.07024071 -0.18046641  0.9810699 ]]

 [[ 0.9692965   0.24122791 -0.04767928]
  [-0.23518904  0.9660916   0.10655162]
  [ 0.07176577 -0.09206648  0.99316335]]

 [[ 0.98529243  0.1508633  -0.08024394]
  [-0.13789827  0.979329    0.1479826 ]
  [ 0.10091036 -0.13474064  0.9857292 ]]

 [[ 0.9914499  -0.12434259  0.03957464]
  [ 0.11507864  0.97615826  0.18404312]
  [-0.06151552 -0.17791532  0.98212117]]]
[ 0.14525236  0.5168058  -0.05259818 -0.5562265  -0.11597741 -0.06326567
  0.08404104 -0.00736785 -0.01108982 -0.05412272]