[[[-0.99961984  0.0074617   0.02654256]
  [ 0.00245248 -0.93480355  0.35515666]
  [ 0.02746215  0.3550867   0.9344299 ]]]
[[[ 0.71751666 -0.6623489  -0.21555462]
  [ 0.5169563   0.29897827  0.8021024 ]
  [-0.46682546 -0.68695414  0.5569274 ]]

 [[ 0.7463788   0.6494984   0.14515693]
  [-0.55505633  0.487166    0.67422676]
  [ 0.36719373 -0.5837988   0.72411853]]

 [[ 0.9998762  -0.00783758 -0.01363893]
  [-0.00483953  0.6717192  -0.74079   ]
  [ 0.01496753  0.74076444  0.6715981 ]]

 [[ 0.9921491   0.09300372 -0.08360904]
  [-0.1210033   0.5449827  -0.82966995]
  [-0.03159691  0.83327323  0.55195785]]

 [[ 0.95948434  0.07897083  0.27046883]
  [ 0.07030877  0.8624499  -0.50123537]
  [-0.27284878  0.49994382  0.8219548 ]]

 [[ 0.9995371  -0.02809002 -0.01168232]
  [ 0.02667804  0.99387896 -0.10720475]
  [ 0.0146222   0.10684347  0.9941683 ]]

 [[ 0.9335541   0.33746988  0.12079265]
  [-0.34433216  0.93796474  0.04071373]
  [-0.09955958 -0.07960127  0.99184257]]

 [[ 0.9407908  -0.33194444 -0.06874327]
  [ 0.3339057   0.942415    0.01899793]
  [ 0.05847843 -0.04082685  0.99745345]]

 [[ 0.99955404  0.00512158 -0.02941944]
  [-0.0043151   0.9996149   0.02741191]
  [ 0.0295485  -0.02727274  0.9991912 ]]

 [[ 0.88354355 -0.4174516   0.21233216]
  [ 0.4013157   0.9085303   0.1162684 ]
  [-0.24144664 -0.01751596  0.970256  ]]

 [[ 0.8858827   0.40963376 -0.2177431 ]
  [-0.3856159   0.91115355  0.14525723]
  [ 0.25789964 -0.04471567  0.9651364 ]]

 [[ 0.99953675  0.03036331 -0.00206999]
  [-0.02971006  0.98825276  0.1499129 ]
  [ 0.00659753 -0.14978196  0.98869705]]

 [[ 0.8517272   0.11296405 -0.5116638 ]
  [-0.07081828  0.99234223  0.10120147]
  [ 0.5191777  -0.0499609   0.8532048 ]]

 [[ 0.83214444 -0.19115146  0.52057326]
  [ 0.14370446  0.98097897  0.13049597]
  [-0.535616   -0.03378283  0.8437855 ]]

 [[ 0.999813    0.01927124 -0.00159926]
  [-0.01892286  0.99205816  0.12434839]
  [ 0.00398291 -0.12429487  0.9922373 ]]

 [[ 0.73389274  0.5130272  -0.44520167]
  [-0.4431198   0.8583399   0.25864533]
  [ 0.5148265   0.00745973  0.85726196]]

 [[ 0.6500772  -0.59343004  0.47459498]
  [ 0.53943     0.80029726  0.26180062]
  [-0.5351774   0.08582017  0.840369  ]]

 [[ 0.6430863  -0.1385719  -0.7531519 ]
  [ 0.22907352  0.9732688   0.01652568]
  [ 0.7307293  -0.18315463  0.657639  ]]

 [[ 0.760461    0.12839985  0.6365631 ]
  [-0.22137576  0.9727979   0.06824221]
  [-0.610485   -0.19281515  0.76819944]]

 [[ 0.98327523 -0.18142074  0.01600943]
  [ 0.18129234  0.9833867   0.0091485 ]
  [-0.01740319 -0.0060931   0.99982995]]

 [[ 0.9768322   0.20976923 -0.04237649]
  [-0.20712532  0.9765119   0.0593606 ]
  [ 0.05383318 -0.0492081   0.9973368 ]]

 [[ 0.99258107  0.10305849 -0.06451162]
  [-0.09029008  0.98013693  0.17657636]
  [ 0.08142792 -0.1694416   0.9821705 ]]

 [[ 0.99373126 -0.10514177  0.03799284]
  [ 0.09512194  0.9737515   0.20678441]
  [-0.05873727 -0.20187417  0.97764856]]]
[ 0.18674335  0.40307778 -0.08185136 -0.36426833 -0.1114037  -0.070499
  0.04502416  0.01549055  0.0535786  -0.06375691]