[[[-0.96231353 -0.13250563 -0.23747596]
  [ 0.06975438 -0.96431553  0.2554012 ]
  [-0.26284388  0.22921105  0.93721676]]]
[[[ 0.8068877  -0.5785588  -0.11917217]
  [ 0.46007344  0.48899055  0.7410943 ]
  [-0.37049255 -0.6528078   0.66073996]]

 [[ 0.80083364  0.5988802  -0.0028347 ]
  [-0.53132     0.712659    0.45805693]
  [ 0.27634138 -0.36532125  0.88891834]]

 [[ 0.99937063  0.01720812  0.03101804]
  [ 0.00474594  0.8017173  -0.59768456]
  [-0.03515272  0.5974557   0.801131  ]]

 [[ 0.9931195   0.11681031 -0.00830458]
  [-0.09657363  0.7768286  -0.6222626 ]
  [-0.06623541  0.6187832   0.7827644 ]]

 [[ 0.95128995  0.11345223  0.28666323]
  [ 0.03769028  0.8800553  -0.473373  ]
  [-0.30598477  0.4611195   0.83291173]]

 [[ 0.998869    0.04223132  0.02184601]
  [-0.03987622  0.9943025  -0.09885533]
  [-0.02589633  0.09787239  0.99486196]]

 [[ 0.94233704  0.33018413  0.05458399]
  [-0.32953796  0.9439153  -0.0207034 ]
  [-0.05835859  0.00152209  0.99829453]]

 [[ 0.9628244  -0.26815626 -0.03257835]
  [ 0.26844117  0.96328497  0.00462933]
  [ 0.03014085 -0.0132026   0.99945843]]

 [[ 0.99755436  0.06457541  0.0267471 ]
  [-0.06556134  0.9971327   0.03778822]
  [-0.02423022 -0.03944938  0.9989278 ]]

 [[ 0.87850344 -0.42933515  0.20953047]
  [ 0.41698077  0.90314186  0.1022834 ]
  [-0.23314959 -0.00248615  0.97243774]]

 [[ 0.9250979   0.3226808  -0.20017773]
  [-0.28936958  0.94040465  0.17861785]
  [ 0.24588461 -0.10731363  0.96334034]]

 [[ 0.9904675  -0.11293183 -0.07887126]
  [ 0.11239023  0.9936001  -0.01128683]
  [ 0.07964112  0.00231488  0.996821  ]]

 [[ 0.9073646   0.18048064 -0.37962613]
  [-0.15286963  0.98297447  0.1019408 ]
  [ 0.39156118 -0.03446419  0.91950625]]

 [[ 0.8432053   0.03144566  0.53667116]
  [-0.09374773  0.99159265  0.08919299]
  [-0.52935445 -0.12551972  0.8390641 ]]

 [[ 0.9969916  -0.03977463  0.06652647]
  [ 0.02813195  0.98545617  0.16758506]
  [-0.07222454 -0.16520937  0.98361045]]

 [[ 0.57330835  0.718454   -0.39387974]
  [-0.6708119   0.6876145   0.27784467]
  [ 0.4704561   0.10492854  0.8761626 ]]

 [[ 0.4982167  -0.62883574  0.596947  ]
  [ 0.49420124  0.77164817  0.40040508]
  [-0.7124221   0.09552348  0.6952194 ]]

 [[ 0.51321805 -0.25619572 -0.8191283 ]
  [ 0.41005564  0.9116242  -0.02820839]
  [ 0.753964   -0.32141107  0.5729165 ]]

 [[ 0.604092    0.15326098  0.7820384 ]
  [-0.29330772  0.9552071   0.03937004]
  [-0.74097466 -0.253161    0.6219856 ]]

 [[ 0.9767024  -0.2123606   0.03090907]
  [ 0.20279528  0.96046835  0.19072105]
  [-0.07018883 -0.1800095   0.9811575 ]]

 [[ 0.9693399   0.24102291 -0.0478336 ]
  [-0.23495382  0.9661234   0.10678171]
  [ 0.07195    -0.09226909  0.9931312 ]]

 [[ 0.9852786   0.15102644 -0.08010709]
  [-0.13806657  0.9792869   0.14810404]
  [ 0.10081545 -0.13486363  0.9857221 ]]

 [[ 0.9914511  -0.12432007  0.03961505]
  [ 0.11504737  0.9761565   0.18407243]
  [-0.06155439 -0.17794119  0.9821141 ]]]
[ 0.14361525  0.5160985  -0.05193853 -0.5549787  -0.11619717 -0.06283116
  0.08410934 -0.00717705 -0.0108747  -0.0545485 ]