[[[ 0.73489827 -0.09620567 -0.6713188 ]
  [ 0.23875932 -0.88980865  0.3888889 ]
  [-0.6347586  -0.44607744 -0.63094884]]]
[[[ 0.9274912  -0.3165395  -0.19890413]
  [ 0.36123997  0.621846    0.69484764]
  [-0.09625898 -0.7163172   0.6911034 ]]

 [[ 0.9386203   0.22232859  0.2637458 ]
  [-0.3331913   0.3863895   0.8600504 ]
  [ 0.08930517 -0.8951386   0.43675098]]

 [[ 0.99804366 -0.00746421 -0.06207448]
  [-0.04490141  0.6053147  -0.79471886]
  [ 0.04350654  0.7959513   0.6037953 ]]

 [[ 0.96668565 -0.15826535 -0.20117378]
  [-0.02513397  0.72344977 -0.6899194 ]
  [ 0.25472945  0.6719915   0.6953707 ]]

 [[ 0.9899838   0.03649307  0.13638367]
  [ 0.03778468  0.86229134 -0.505001  ]
  [-0.1360315   0.5050959   0.85227555]]

 [[ 0.9967792  -0.07855657 -0.01612476]
  [ 0.07909661  0.99621123  0.03615095]
  [ 0.01322377 -0.03730993  0.9992162 ]]

 [[ 0.9648917   0.26245302  0.01012696]
  [-0.2622278   0.9648114  -0.01937951]
  [-0.01485681  0.01604355  0.9997609 ]]

 [[ 0.94927955 -0.3143713   0.00624763]
  [ 0.31206653  0.9395147  -0.14116168]
  [ 0.03850744  0.13595158  0.9899668 ]]

 [[ 0.9971045  -0.06679448 -0.03634718]
  [ 0.06743179  0.9975858   0.01659853]
  [ 0.03515075 -0.01900142  0.99920136]]

 [[ 0.92877764 -0.3379923   0.1520966 ]
  [ 0.3102701   0.93349606  0.17977089]
  [-0.20274274 -0.11977613  0.9718792 ]]

 [[ 0.89540344  0.4429649  -0.04510865]
  [-0.4334275   0.8903287   0.13948254]
  [ 0.1019474  -0.10534181  0.98919654]]

 [[ 0.99728674 -0.04297561  0.05976748]
  [ 0.03288941  0.9864827   0.16053085]
  [-0.06585851 -0.15812959  0.98521954]]

 [[ 0.8620875   0.06362814 -0.50274897]
  [-0.03349744  0.9970713   0.06875018]
  [ 0.50565106 -0.04242788  0.8616941 ]]

 [[ 0.8857369  -0.28967166  0.36271274]
  [ 0.25365344  0.9564517   0.14443041]
  [-0.38875458 -0.03592402  0.92064077]]

 [[ 0.9976566  -0.01508613 -0.06673583]
  [ 0.02884942  0.9771943   0.21037807]
  [ 0.06204009 -0.21181037  0.9753396 ]]

 [[ 0.6529632   0.58275115 -0.48377693]
  [-0.48631626  0.8122667   0.32205483]
  [ 0.5806337   0.02497862  0.8137817 ]]

 [[ 0.5852363  -0.70278496  0.4044648 ]
  [ 0.70362127  0.6880605   0.17745365]
  [-0.40300798  0.18073775  0.89717245]]

 [[ 0.06917692 -0.26587802 -0.96152145]
  [ 0.44788197  0.86951095 -0.20821251]
  [ 0.8914126  -0.41624457  0.17923206]]

 [[-0.26262426  0.4025152   0.87693214]
  [-0.44675884  0.7548214  -0.48026156]
  [-0.85523975 -0.5179055  -0.01840719]]

 [[ 0.9346436  -0.35138705 -0.05448326]
  [ 0.35113063  0.93621385 -0.01452549]
  [ 0.05611205 -0.00555459  0.9984091 ]]

 [[ 0.92476124  0.36242053  0.11605191]
  [-0.3699589   0.9276434   0.05106828]
  [-0.08914661 -0.09016041  0.99192935]]

 [[ 0.9786251   0.18407315 -0.09170537]
  [-0.16675909  0.9712416   0.1699448 ]
  [ 0.12035034 -0.15101954  0.9811773 ]]

 [[ 0.968261   -0.2284056   0.10149641]
  [ 0.21171     0.9653325   0.15268311]
  [-0.13285144 -0.1263493   0.9830496 ]]]
[ 0.21880543  0.60399884 -0.19978714 -0.4337677  -0.10184139 -0.11811303
 -0.02212277  0.15825248 -0.04713187 -0.0353553 ]