[[[ 0.7828486  -0.03890444 -0.62099475]
  [ 0.06922874 -0.9864004   0.14906885]
  [-0.61834896 -0.15968902 -0.7695089 ]]]
[[[ 9.8678839e-01 -7.9480819e-02 -1.4117888e-01]
  [ 1.4989083e-01  7.7861434e-01  6.0933763e-01]
  [ 6.1493263e-02 -6.2244868e-01  7.8024101e-01]]

 [[ 9.8687989e-01  9.5596291e-02  1.3011275e-01]
  [-1.6079891e-01  6.5456444e-01  7.3870766e-01]
  [-1.4549481e-02 -7.4993783e-01  6.6134828e-01]]

 [[ 9.9998409e-01 -4.7805249e-03  2.9973309e-03]
  [ 5.4771551e-03  6.9476330e-01 -7.1921760e-01]
  [ 1.3558037e-03  7.1922255e-01  6.9477844e-01]]

 [[ 9.7809947e-01 -1.1846281e-01 -1.7113751e-01]
  [-2.0427976e-02  7.6362371e-01 -6.4533830e-01]
  [ 2.0713323e-01  6.3470101e-01  7.4448001e-01]]

 [[ 9.9643809e-01 -4.9097799e-02  6.8559930e-02]
  [ 7.7803709e-02  8.4882557e-01 -5.2291662e-01]
  [-3.2521367e-02  5.2638829e-01  8.4962213e-01]]

 [[ 9.9372482e-01 -1.0464342e-01  3.9506178e-02]
  [ 1.0245267e-01  9.9327564e-01  5.3915765e-02]
  [-4.4882454e-02 -4.9529921e-02  9.9776363e-01]]

 [[ 9.6767282e-01  2.1264173e-01  1.3562042e-01]
  [-2.0661984e-01  9.7674811e-01 -5.7196271e-02]
  [-1.4462930e-01  2.7325399e-02  9.8910862e-01]]

 [[ 9.6066344e-01 -2.4101928e-01 -1.3796903e-01]
  [ 2.1217309e-01  9.5750922e-01 -1.9534259e-01]
  [ 1.7918794e-01  1.5838516e-01  9.7098190e-01]]

 [[ 9.9710286e-01 -7.2594039e-02  2.2716200e-02]
  [ 7.3328845e-02  9.9674892e-01 -3.3384420e-02]
  [-2.0218836e-02  3.4953453e-02  9.9918443e-01]]

 [[ 9.4162661e-01 -3.3665767e-01 -9.8683464e-04]
  [ 3.3199182e-01  9.2808205e-01  1.6865686e-01]
  [-5.5863749e-02 -1.5913939e-01  9.8567432e-01]]

 [[ 9.4561112e-01  3.2321095e-01  3.6800150e-02]
  [-3.2367262e-01  9.2354399e-01  2.0567566e-01]
  [ 3.2490067e-02 -2.0640039e-01  9.7792798e-01]]

 [[ 9.9779457e-01 -1.4632093e-02 -6.4745419e-02]
  [ 2.0433117e-02  9.9574453e-01  8.9863181e-02]
  [ 6.3155010e-02 -9.0987936e-02  9.9384743e-01]]

 [[ 9.8338902e-01  1.8148391e-01 -3.1023899e-03]
  [-1.8137608e-01  9.8317510e-01  2.1668365e-02]
  [ 6.9826520e-03 -2.0745732e-02  9.9976045e-01]]

 [[ 9.2444378e-01 -3.6732966e-01  1.0233592e-01]
  [ 3.6220783e-01  9.2979485e-01  6.5475278e-02]
  [-1.1920243e-01 -2.3461342e-02  9.9259275e-01]]

 [[ 9.8234427e-01 -5.6864191e-03 -1.8699569e-01]
  [ 2.4015557e-02  9.9510115e-01  9.5900536e-02]
  [ 1.8553430e-01 -9.8698147e-02  9.7766846e-01]]

 [[ 6.8019432e-01  7.2854066e-01 -8.1019595e-02]
  [-7.2696567e-01  6.8462229e-01  5.3040504e-02]
  [ 9.4109990e-02  2.2820612e-02  9.9530023e-01]]

 [[ 6.3811654e-01 -7.2362536e-01  2.6300871e-01]
  [ 7.4260986e-01  6.6864854e-01  3.7943292e-02]
  [-2.0331714e-01  1.7110063e-01  9.6404701e-01]]

 [[ 3.5712436e-01 -2.9608569e-01 -8.8588679e-01]
  [ 3.7657925e-01  9.1357350e-01 -1.5353023e-01]
  [ 8.5478079e-01 -2.7877721e-01  4.3775907e-01]]

 [[-1.3792674e-01  4.1528112e-01  8.9917624e-01]
  [-3.0898952e-01  8.4450191e-01 -4.3742663e-01]
  [-9.4101101e-01 -3.3816886e-01  1.1838122e-02]]

 [[ 9.7577226e-01 -2.1394086e-01 -4.5802146e-02]
  [ 2.1630938e-01  9.7476530e-01  5.5162393e-02]
  [ 3.2844849e-02 -6.3733362e-02  9.9742633e-01]]

 [[ 9.4394934e-01  3.1563544e-01  9.6611634e-02]
  [-3.2077393e-01  9.4618338e-01  4.2907070e-02]
  [-7.7869333e-02 -7.1492597e-02  9.9439681e-01]]

 [[ 9.6418178e-01  2.4386343e-01 -1.0432718e-01]
  [-2.2317231e-01  9.5843005e-01  1.7778090e-01]
  [ 1.4334455e-01 -1.4813015e-01  9.7852439e-01]]

 [[ 9.6784496e-01 -2.3999499e-01  7.5354792e-02]
  [ 2.2525516e-01  9.6022075e-01  1.6503395e-01]
  [-1.1196457e-01 -1.4275326e-01  9.8340493e-01]]]
[ 0.3516294   0.60204    -0.31986248 -0.44376567 -0.1762718   0.0125269
  0.0079104   0.10799848 -0.03336556  0.00222325]