[[[ 0.7830445  -0.03921644 -0.6207281 ]
  [ 0.06935853 -0.98627955  0.14980665]
  [-0.6180863  -0.16035806 -0.7695808 ]]]
[[[ 9.86843884e-01 -7.91662112e-02 -1.40968099e-01]
  [ 1.49465531e-01  7.79135704e-01  6.08775616e-01]
  [ 6.16388246e-02 -6.21836305e-01  7.80717909e-01]]

 [[ 9.86886561e-01  9.58448201e-02  1.29879281e-01]
  [-1.60793424e-01  6.54289186e-01  7.38952756e-01]
  [-1.41538270e-02 -7.50146270e-01  6.61120415e-01]]

 [[ 9.99982536e-01 -5.20108733e-03  2.78513879e-03]
  [ 5.61661227e-03  6.94711804e-01 -7.19266236e-01]
  [ 1.80609943e-03  7.19269395e-01  6.94728911e-01]]

 [[ 9.77915764e-01 -1.18999086e-01 -1.71813294e-01]
  [-1.98907033e-02  7.65353918e-01 -6.43302143e-01]
  [ 2.08050370e-01  6.32512927e-01  7.46084690e-01]]

 [[ 9.96459365e-01 -4.92474101e-02  6.81429207e-02]
  [ 7.76565596e-02  8.49725485e-01 -5.21475017e-01]
  [-3.22214775e-02  5.24920344e-01  8.50541294e-01]]

 [[ 9.93804395e-01 -1.03977732e-01  3.92616391e-02]
  [ 1.01767361e-01  9.93306994e-01  5.46321981e-02]
  [-4.46793921e-02 -5.02981655e-02  9.97734368e-01]]

 [[ 9.67476726e-01  2.13688806e-01  1.35373026e-01]
  [-2.07634181e-01  9.76513088e-01 -5.75348921e-02]
  [-1.44488081e-01  2.75556035e-02  9.89122808e-01]]

 [[ 9.60305989e-01 -2.41935849e-01 -1.38850823e-01]
  [ 2.12888226e-01  9.57289636e-01 -1.95640489e-01]
  [ 1.80252895e-01  1.58315018e-01  9.70796287e-01]]

 [[ 9.97113883e-01 -7.24477023e-02  2.26981193e-02]
  [ 7.31859803e-02  9.96752679e-01 -3.35849412e-02]
  [-2.01912578e-02  3.51491943e-02  9.99178112e-01]]

 [[ 9.41422343e-01 -3.37227494e-01 -1.19026983e-03]
  [ 3.32580477e-01  9.27853823e-01  1.68752536e-01]
  [-5.58036119e-02 -1.59263298e-01  9.85657573e-01]]

 [[ 9.45387602e-01  3.23746234e-01  3.78227271e-02]
  [-3.24395061e-01  9.23212886e-01  2.06023544e-01]
  [ 3.17809209e-02 -2.07041636e-01  9.77815688e-01]]

 [[ 9.97554719e-01 -1.46971410e-02 -6.83267787e-02]
  [ 2.08020471e-02  9.95768309e-01  8.95143673e-02]
  [ 6.67220280e-02 -9.07168165e-02  9.93639112e-01]]

 [[ 9.83586252e-01  1.80437386e-01 -7.08733569e-04]
  [-1.80378050e-01  9.83349442e-01  2.20825039e-02]
  [ 4.68144193e-03 -2.15922054e-02  9.99755919e-01]]

 [[ 9.25947309e-01 -3.64334792e-01  9.94067416e-02]
  [ 3.59264314e-01  9.30933952e-01  6.55065849e-02]
  [-1.16407439e-01 -2.49423496e-02  9.92888272e-01]]

 [[ 9.81926501e-01 -6.08266285e-03 -1.89164549e-01]
  [ 2.50216499e-02  9.94882286e-01  9.78931114e-02]
  [ 1.87601015e-01 -1.00857064e-01  9.77053463e-01]]

 [[ 6.80185616e-01  7.28739262e-01 -7.92886540e-02]
  [-7.26988673e-01  6.84482515e-01  5.45090772e-02]
  [ 9.39945877e-02  2.05656625e-02  9.95360374e-01]]

 [[ 6.40630364e-01 -7.21760511e-01  2.62019932e-01]
  [ 7.40765154e-01  6.70768797e-01  3.65537219e-02]
  [-2.02137843e-01  1.70677811e-01  9.64369893e-01]]

 [[ 3.56298566e-01 -2.95594573e-01 -8.86383176e-01]
  [ 3.79406750e-01  9.12683129e-01 -1.51855394e-01]
  [ 8.53874564e-01 -2.82193929e-01  4.37338263e-01]]

 [[-1.51582077e-01  4.15307432e-01  8.96962941e-01]
  [-3.07096243e-01  8.42754126e-01 -4.42105591e-01]
  [-9.39529002e-01 -3.42469245e-01 -2.07069301e-04]]

 [[ 9.75824714e-01 -2.13747263e-01 -4.55876365e-02]
  [ 2.16102153e-01  9.74811435e-01  5.51585034e-02]
  [ 3.26493718e-02 -6.36766180e-02  9.97436345e-01]]

 [[ 9.43576157e-01  3.16394478e-01  9.77681950e-02]
  [-3.21540982e-01  9.45966721e-01  4.19335216e-02]
  [-7.92179182e-02 -7.10039511e-02  9.94325459e-01]]

 [[ 9.64138269e-01  2.44051427e-01 -1.04289770e-01]
  [-2.23421037e-01  9.58443224e-01  1.77396879e-01]
  [ 1.43249780e-01 -1.47734582e-01  9.78597999e-01]]

 [[ 9.67818260e-01 -2.40072012e-01  7.54532441e-02]
  [ 2.25383088e-01  9.60289657e-01  1.64457083e-01]
  [-1.11938529e-01 -1.42158687e-01  9.83494043e-01]]]
[ 0.35224062  0.60302675 -0.3176153  -0.4457107  -0.17781138  0.01334283
  0.00849396  0.10796613 -0.03398253  0.00264293]