[[[-0.04325869  0.06172349 -0.9971553 ]
  [ 0.15193002 -0.98607486 -0.06762864]
  [-0.9874441  -0.15442336  0.03327865]]]
[[[ 0.98439157 -0.17234346  0.03565026]
  [ 0.12892248  0.8440542   0.5205299 ]
  [-0.11980069 -0.50780916  0.8530988 ]]

 [[ 0.9601516   0.23076129  0.15766463]
  [-0.26977026  0.61783147  0.73858535]
  [ 0.07302673 -0.75168717  0.6554644 ]]

 [[ 0.9945433  -0.10430506  0.00201567]
  [ 0.07242016  0.6763573  -0.733005  ]
  [ 0.0750928   0.7291511   0.6802204 ]]

 [[ 0.9964304  -0.00391568 -0.08432817]
  [-0.00759355  0.99071693 -0.13572852]
  [ 0.08407681  0.13588436  0.9871507 ]]

 [[ 0.9972803  -0.05802725  0.04544164]
  [ 0.07367312  0.7673578  -0.63697267]
  [ 0.00209177  0.6385881   0.7695459 ]]

 [[ 0.9946573  -0.08575101  0.05747683]
  [ 0.08732875  0.9958526  -0.02552011]
  [-0.05505008  0.03040314  0.9980205 ]]

 [[ 0.9530667   0.24369246  0.1796601 ]
  [-0.21922664  0.96474475 -0.14562714]
  [-0.20881437  0.09940612  0.97288996]]

 [[ 0.9695398  -0.20634957 -0.13195609]
  [ 0.18694581  0.9715124  -0.14565295]
  [ 0.15825243  0.1165477   0.9804961 ]]

 [[ 0.9992942  -0.02837287  0.02461503]
  [ 0.02935007  0.9987568  -0.04029093]
  [-0.02344126  0.04098495  0.9988847 ]]

 [[ 0.95229936 -0.30142078  0.04765954]
  [ 0.29480508  0.94902897  0.11150692]
  [-0.0788408  -0.0921377   0.99262005]]

 [[ 0.9713332   0.23241445 -0.04995415]
  [-0.22451314  0.96594954  0.12858957]
  [ 0.07813927 -0.11368794  0.99043894]]

 [[ 0.99259436 -0.03490067 -0.11635429]
  [ 0.00984223  0.9777956  -0.20932943]
  [ 0.12107646  0.20663403  0.9708979 ]]

 [[ 0.95195127 -0.08357405 -0.29462555]
  [ 0.08977813  0.995933    0.00756973]
  [ 0.2927947  -0.03365695  0.9555828 ]]

 [[ 0.8908659   0.0554372   0.45087087]
  [-0.06603204  0.99778706  0.00778755]
  [-0.44944146 -0.03670959  0.8925551 ]]

 [[ 0.98543096  0.02639858 -0.16801476]
  [-0.0132812   0.99680805  0.07872298]
  [ 0.16955665 -0.07534463  0.9826361 ]]

 [[ 0.77399546  0.5572603  -0.3006526 ]
  [-0.55909175  0.82435524  0.08862697]
  [ 0.29723287  0.09949554  0.94960684]]

 [[ 0.70791966 -0.5820406   0.40009806]
  [ 0.59237087  0.79777986  0.11244576]
  [-0.3846382   0.15740386  0.9095479 ]]

 [[-0.03842571 -0.24398552 -0.96901727]
  [ 0.16246802  0.9553048  -0.24697545]
  [ 0.9859653  -0.1669245   0.00293158]]

 [[ 0.09985459  0.24205525  0.9651104 ]
  [-0.1022237   0.9673215  -0.23203324]
  [-0.9897369  -0.07548761  0.12133528]]

 [[ 0.95630556 -0.2601869  -0.13335063]
  [ 0.2709004   0.96010053  0.06942572]
  [ 0.10996634 -0.10251694  0.9886342 ]]

 [[ 0.948796    0.29812345  0.10444466]
  [-0.2948061   0.9544377  -0.0462393 ]
  [-0.11347094  0.01308073  0.99345523]]

 [[ 0.97824514  0.18364158 -0.09650075]
  [-0.1669995   0.9730743   0.15886353]
  [ 0.12307634 -0.13929187  0.9825733 ]]

 [[ 0.9879349  -0.14544916  0.05318918]
  [ 0.13379525  0.9745508   0.1798598 ]
  [-0.07799602 -0.17057332  0.98225313]]]
[ 0.07595341  0.3984295  -0.20352998 -0.44031557 -0.11519152  0.08134386
  0.12223822 -0.0105906  -0.03736465  0.04422617]