[[[-0.85376847 -0.1960789  -0.4823199 ]
  [ 0.12069315 -0.97567594  0.18300192]
  [-0.5064707   0.09802857  0.85666674]]]
[[[ 0.8422122  -0.5123009  -0.1680072 ]
  [ 0.40305772  0.3913095   0.8272976 ]
  [-0.35808247 -0.7644768   0.53605247]]

 [[ 0.9260588   0.3390032   0.16580658]
  [-0.29926977  0.39204735  0.869906  ]
  [ 0.22989686 -0.8552051   0.46451232]]

 [[ 0.9967946   0.05057102 -0.06199239]
  [-0.07936902  0.52773505 -0.84569275]
  [-0.01005198  0.84790224  0.5300572 ]]

 [[ 0.99470085  0.06380044 -0.08062081]
  [-0.1019464   0.7135879  -0.6931085 ]
  [ 0.01330941  0.6976546   0.7163107 ]]

 [[ 0.97037816 -0.14165223  0.19570589]
  [ 0.16624413 -0.19626723 -0.9663551 ]
  [ 0.17529699  0.97026485 -0.16690458]]

 [[ 0.99768555  0.06530542 -0.01893859]
  [-0.06501935  0.997766    0.01534643]
  [ 0.01989848 -0.01407954  0.9997029 ]]

 [[ 0.93283004  0.31637475  0.17243895]
  [-0.3064776   0.9483397  -0.08199558]
  [-0.18947203  0.02363926  0.98160154]]

 [[ 0.9892495  -0.07017753 -0.12829852]
  [ 0.09757005  0.9702423   0.22160758]
  [ 0.10892878 -0.23174329  0.966659  ]]

 [[ 0.99721426  0.05348111 -0.05199566]
  [-0.0526541   0.99846554  0.01714818]
  [ 0.05283298 -0.01436263  0.99850005]]

 [[ 0.89390284 -0.44303623  0.06823915]
  [ 0.43249974  0.892433    0.12848039]
  [-0.11782035 -0.08533558  0.9893614 ]]

 [[ 0.98894453  0.10017017 -0.10933739]
  [-0.08359993  0.9856222   0.14683247]
  [ 0.12247361 -0.13606857  0.98309994]]

 [[ 0.99522895 -0.08380445  0.04996168]
  [ 0.07719477  0.989514    0.12207791]
  [-0.05966846 -0.11763869  0.99126226]]

 [[ 0.83295286  0.04210651 -0.5517396 ]
  [ 0.00632298  0.9963112   0.0855801 ]
  [ 0.55330783 -0.07477282  0.829614  ]]

 [[ 0.75364316  0.06326234  0.6542323 ]
  [-0.17180328  0.9797137   0.10317343]
  [-0.6344333  -0.1901552   0.7492232 ]]

 [[ 0.99952835  0.00603453  0.03011077]
  [-0.01496282  0.95194227  0.30591187]
  [-0.02681768 -0.30621812  0.95158356]]

 [[ 0.8939558   0.31646645 -0.31732   ]
  [-0.21298265  0.92299527  0.3204966 ]
  [ 0.39431128 -0.21892615  0.8925189 ]]

 [[ 0.6571539  -0.51269275  0.55253494]
  [ 0.3415923   0.85601264  0.38801673]
  [-0.6719103  -0.06624506  0.7376639 ]]

 [[ 0.9334739  -0.10615831 -0.34257403]
  [ 0.18768887  0.95854527  0.21439193]
  [ 0.30561322 -0.2644266   0.9147017 ]]

 [[ 0.8112987   0.07982671  0.57915634]
  [-0.09313478  0.99563056 -0.0067646 ]
  [-0.57716566 -0.0484515   0.81518847]]

 [[ 0.96316636 -0.26313984  0.0553904 ]
  [ 0.2688963   0.94068503 -0.20689717]
  [ 0.00233797  0.21417065  0.9767935 ]]

 [[ 0.9713651   0.2371891  -0.01382471]
  [-0.23720919  0.9648581  -0.11305113]
  [-0.01347561  0.11309328  0.9934929 ]]

 [[ 0.9948071   0.08413743 -0.05726903]
  [-0.06851656  0.96970606  0.23446894]
  [ 0.07526173 -0.22932748  0.9704353 ]]

 [[ 0.995419   -0.06347427  0.07149844]
  [ 0.0514646   0.98596686  0.15881032]
  [-0.08057547 -0.15440316  0.98471683]]]
[ 0.32784873  0.29316643 -0.37517875 -0.44021323 -0.06164366 -0.04155322
  0.10745978 -0.01825273 -0.05500385  0.01729167]