[[[ 0.16201466  0.03437275 -0.98618954]
  [ 0.18402739 -0.9829129  -0.00402588]
  [-0.96947676 -0.18083364 -0.16557182]]]
[[[ 9.91957486e-01 -1.17888287e-01  4.60742675e-02]
  [ 8.19525421e-02  8.75616670e-01  4.76003528e-01]
  [-9.64586213e-02 -4.68399286e-01  8.78235757e-01]]

 [[ 9.73931849e-01  1.81002647e-01  1.36728868e-01]
  [-2.23768637e-01  6.67738497e-01  7.09966779e-01]
  [ 3.72067392e-02 -7.22054899e-01  6.90834522e-01]]

 [[ 9.94894087e-01 -9.92405042e-02 -1.83563977e-02]
  [ 6.21091798e-02  7.45413721e-01 -6.63702309e-01]
  [ 7.95492753e-02  6.59173489e-01  7.47771442e-01]]

 [[ 9.98181105e-01 -1.99240027e-03 -6.02549762e-02]
  [-2.24694944e-04  9.99323845e-01 -3.67655046e-02]
  [ 6.02874905e-02  3.67121622e-02  9.97505724e-01]]

 [[ 9.94624972e-01 -1.02951556e-01  1.10544600e-02]
  [ 8.83518085e-02  7.88175702e-01 -6.09075665e-01]
  [ 5.39924279e-02  6.06778502e-01  7.93035209e-01]]

 [[ 9.93066549e-01 -1.11225113e-01  3.80503200e-02]
  [ 1.11200750e-01  9.93794143e-01  2.76254094e-03]
  [-3.81214470e-02  1.48783717e-03  9.99272048e-01]]

 [[ 9.58793342e-01  2.31373578e-01  1.64868295e-01]
  [-2.08763763e-01  9.67375934e-01 -1.43532217e-01]
  [-1.92699194e-01  1.03199214e-01  9.75816011e-01]]

 [[ 9.75983262e-01 -1.88912347e-01 -1.08483784e-01]
  [ 1.72026157e-01  9.73874032e-01 -1.48244664e-01]
  [ 1.33654773e-01  1.26022264e-01  9.82982635e-01]]

 [[ 9.98913348e-01 -4.65738550e-02 -1.71850354e-03]
  [ 4.64472957e-02  9.97880518e-01 -4.55747023e-02]
  [ 3.83745111e-03  4.54453602e-02  9.98959422e-01]]

 [[ 9.47868526e-01 -3.17853630e-01  2.26761065e-02]
  [ 3.12930465e-01  9.41896915e-01  1.22084834e-01]
  [-6.01636656e-02 -1.08624339e-01  9.92260516e-01]]

 [[ 9.72818375e-01  2.29508385e-01 -3.08263730e-02]
  [-2.23525837e-01  9.65450764e-01  1.33943900e-01]
  [ 6.05025999e-02 -1.23412609e-01  9.90509272e-01]]

 [[ 9.85861778e-01 -2.33154893e-02 -1.65930554e-01]
  [ 2.16768286e-03  9.91963625e-01 -1.26505226e-01]
  [ 1.67546585e-01  1.24356985e-01  9.77989554e-01]]

 [[ 9.91325676e-01 -3.59237604e-02 -1.26423880e-01]
  [ 3.12218182e-02  9.98752117e-01 -3.89795676e-02]
  [ 1.27666414e-01  3.46942581e-02  9.91210222e-01]]

 [[ 9.35649455e-01 -4.53918874e-02  3.49999636e-01]
  [ 4.65108380e-02  9.98904169e-01  5.21228183e-03]
  [-3.49852711e-01  1.14019122e-02  9.36735332e-01]]

 [[ 9.69643295e-01 -1.28234550e-02 -2.44187146e-01]
  [ 1.72731839e-02  9.99721289e-01  1.60899051e-02]
  [ 2.43912786e-01 -1.98193602e-02  9.69594538e-01]]

 [[ 6.93860173e-01  6.95470691e-01 -1.86758056e-01]
  [-7.13715971e-01  6.98652685e-01 -4.99392934e-02]
  [ 9.57477167e-02  1.67943090e-01  9.81135786e-01]]

 [[ 6.42708182e-01 -6.64576113e-01  3.81136119e-01]
  [ 7.08379984e-01  7.04977274e-01  3.47105935e-02]
  [-2.91760147e-01  2.47680411e-01  9.23867106e-01]]

 [[-3.59754562e-01 -2.89577693e-01 -8.86973143e-01]
  [ 1.09078914e-01  9.31048810e-01 -3.48209620e-01]
  [ 9.26648974e-01 -2.22020105e-01 -3.03362250e-01]]

 [[-8.28474611e-02  3.17369699e-01  9.44675863e-01]
  [-4.18202132e-02  9.45992470e-01 -3.21479589e-01]
  [-9.95684326e-01 -6.61403313e-02 -6.51006028e-02]]

 [[ 9.58749413e-01 -2.34495550e-01 -1.60659134e-01]
  [ 2.57140368e-01  9.56385255e-01  1.38585821e-01]
  [ 1.21154279e-01 -1.74181029e-01  9.77232099e-01]]

 [[ 9.46040392e-01  2.97269762e-01  1.28989801e-01]
  [-2.97476619e-01  9.54557300e-01 -1.81109384e-02]
  [-1.28511995e-01 -2.12377738e-02  9.91480589e-01]]

 [[ 9.72948313e-01  2.10014492e-01 -9.62567702e-02]
  [-1.93981022e-01  9.68947709e-01  1.53335154e-01]
  [ 1.25470385e-01 -1.30515203e-01  9.83474851e-01]]

 [[ 9.83005822e-01 -1.75255343e-01  5.46363965e-02]
  [ 1.63321555e-01  9.70817149e-01  1.75613254e-01]
  [-8.38191211e-02 -1.63705558e-01  9.82941866e-01]]]
[ 0.04947694  0.34845987 -0.11500065 -0.3938218  -0.09322011  0.13295689
  0.10650504 -0.03226864 -0.03016125  0.04286417]