[[[ 0.7829745  -0.03933237 -0.620809  ]
  [ 0.06932843 -0.98626375  0.14992449]
  [-0.61817837 -0.16042677 -0.7694925 ]]]
[[[ 0.98675096 -0.07925367 -0.14156729]
  [ 0.15001704  0.77798814  0.61010605]
  [ 0.06178452 -0.6232603   0.7795699 ]]

 [[ 0.98684835  0.09616615  0.12993252]
  [-0.16104025  0.6545633   0.7386563 ]
  [-0.01401532 -0.749866    0.6614413 ]]

 [[ 0.9999838  -0.00490856  0.00288878]
  [ 0.0054875   0.69450533 -0.7194666 ]
  [ 0.00152527  0.7194708   0.694521  ]]

 [[ 0.9779602  -0.11886471 -0.17165361]
  [-0.02030625  0.76408535 -0.6447955 ]
  [ 0.20780143  0.63407     0.7448314 ]]

 [[ 0.9964352  -0.04910728  0.06859573]
  [ 0.07777695  0.8496895  -0.5215157 ]
  [-0.03267485  0.52499175  0.85047996]]

 [[ 0.9938308  -0.10382     0.03900679]
  [ 0.10162479  0.99332434  0.05458193]
  [-0.04441309 -0.05028116  0.997747  ]]

 [[ 0.9674909   0.21366262  0.13531291]
  [-0.20761347  0.97651905 -0.0575075 ]
  [-0.14442286  0.0275452   0.9891325 ]]

 [[ 0.96020496 -0.2420676  -0.1393186 ]
  [ 0.21303216  0.9573548  -0.19516435]
  [ 0.1806203   0.15771845  0.970825  ]]

 [[ 0.99711    -0.07252664  0.02261896]
  [ 0.07325868  0.99675304 -0.0334145 ]
  [-0.02012208  0.03497497  0.9991856 ]]

 [[ 0.9413478  -0.33743614 -0.00115949]
  [ 0.33276835  0.92774534  0.16897894]
  [-0.05594389 -0.15945376  0.98561907]]

 [[ 0.9452858   0.3240126   0.03808644]
  [-0.32471588  0.9231426   0.20583296]
  [ 0.03153326 -0.20693824  0.97784567]]

 [[ 0.9976239  -0.01484656 -0.06727636]
  [ 0.02086935  0.9957479   0.08972439]
  [ 0.0656582  -0.09091521  0.9936918 ]]

 [[ 0.9835926   0.1803971  -0.00152388]
  [-0.18032162  0.9833655   0.02182665]
  [ 0.005436   -0.02119374  0.9997605 ]]

 [[ 0.92630893 -0.36349308  0.0991186 ]
  [ 0.35842058  0.93125623  0.06554804]
  [-0.11613107 -0.02519159  0.9929144 ]]

 [[ 0.982128   -0.00614041 -0.18811375]
  [ 0.02492322  0.99490905  0.0976465 ]
  [ 0.18655649 -0.10058977  0.9772811 ]]

 [[ 0.680715    0.7281726  -0.07994799]
  [-0.7265329   0.68505     0.05344547]
  [ 0.09368591  0.02170372  0.9953652 ]]

 [[ 0.64199024 -0.72076476  0.2614322 ]
  [ 0.7397053   0.671961    0.03611741]
  [-0.2017044   0.17019574  0.96454597]]

 [[ 0.35647938 -0.2949835  -0.88651395]
  [ 0.3768253   0.913647   -0.15248528]
  [ 0.85494155 -0.27970305  0.43685356]]

 [[-0.15560403  0.4148875   0.8964685 ]
  [-0.30634668  0.8425102  -0.44308946]
  [-0.9391161  -0.34357667 -0.00399858]]

 [[ 0.97583413 -0.21359223 -0.04611021]
  [ 0.21596281  0.9748725   0.05462238]
  [ 0.03328466 -0.06326047  0.9974419 ]]

 [[ 0.9433956   0.316761    0.09832183]
  [-0.32190454  0.94586694  0.04138974]
  [-0.07988872 -0.07069714  0.9942935 ]]

 [[ 0.9642361   0.2437271  -0.10414292]
  [-0.22311921  0.95851165  0.17740692]
  [ 0.14306109 -0.14782588  0.9786117 ]]

 [[ 0.9678572  -0.23998861  0.07521972]
  [ 0.22534817  0.9603195   0.16433074]
  [-0.11167248 -0.14209804  0.98353314]]]
[ 0.35276625  0.60274875 -0.31757027 -0.44544402 -0.17760944  0.0132877
  0.00850371  0.10829413 -0.03417249  0.00241274]