[[[-0.04456886  0.06130923 -0.9971233 ]
  [ 0.1516598  -0.9861313  -0.06741218]
  [-0.9874275  -0.15422802  0.03465261]]]
[[[ 9.84369636e-01 -1.72536477e-01  3.53200287e-02]
  [ 1.29156440e-01  8.43578219e-01  5.21243155e-01]
  [-1.19728670e-01 -5.08534193e-01  8.52676988e-01]]

 [[ 9.59930718e-01  2.31610119e-01  1.57764971e-01]
  [-2.70329982e-01  6.16943896e-01  7.39122391e-01]
  [ 7.38560706e-02 -7.52154887e-01  6.54834569e-01]]

 [[ 9.94542956e-01 -1.04308657e-01  2.00153119e-03]
  [ 7.23929778e-02  6.76170647e-01 -7.33179748e-01]
  [ 7.51236156e-02  7.29323685e-01  6.80031955e-01]]

 [[ 9.96393144e-01 -4.09298996e-03 -8.47578421e-02]
  [-7.55092455e-03  9.90597069e-01 -1.36603281e-01]
  [ 8.45199898e-02  1.36750579e-01  9.86993194e-01]]

 [[ 9.97321069e-01 -5.62663674e-02  4.67420220e-02]
  [ 7.31485486e-02  7.68055141e-01 -6.36192381e-01]
  [-1.04212442e-04  6.37907147e-01  7.70113349e-01]]

 [[ 9.94782686e-01 -8.41535106e-02  5.76680489e-02]
  [ 8.57324526e-02  9.95992601e-01 -2.54715309e-02]
  [-5.52934259e-02  3.02826595e-02  9.98010874e-01]]

 [[ 9.52761292e-01  2.45236903e-01  1.79177985e-01]
  [-2.20626891e-01  9.64275062e-01 -1.46619990e-01]
  [-2.08733484e-01  1.00162387e-01  9.72829819e-01]]

 [[ 9.69207823e-01 -2.07500473e-01 -1.32588759e-01]
  [ 1.88043460e-01  9.71318781e-01 -1.45531908e-01]
  [ 1.58983871e-01  1.16118215e-01  9.80428874e-01]]

 [[ 9.99309301e-01 -2.76964381e-02  2.47771330e-02]
  [ 2.86768936e-02  9.98782814e-01 -4.01321277e-02]
  [-2.36354563e-02  4.08149362e-02  9.98887181e-01]]

 [[ 9.51792777e-01 -3.03029180e-01  4.75797355e-02]
  [ 2.96321660e-01  9.48417604e-01  1.12682603e-01]
  [-7.92715847e-02 -9.31515768e-02  9.92491126e-01]]

 [[ 9.71054435e-01  2.33791620e-01 -4.89367805e-02]
  [-2.25977063e-01  9.65570986e-01  1.28867999e-01]
  [ 7.73802027e-02 -1.14079252e-01  9.90453541e-01]]

 [[ 9.93000567e-01 -3.28689255e-02 -1.13443747e-01]
  [ 8.43963865e-03  9.77787733e-01 -2.09427744e-01]
  [ 1.17807560e-01  2.07004458e-01  9.71221149e-01]]

 [[ 9.51796114e-01 -8.49990547e-02 -2.94719189e-01]
  [ 9.10196006e-02  9.95826244e-01  6.74474984e-03]
  [ 2.92915821e-01 -3.32448483e-02  9.55560148e-01]]

 [[ 8.90668035e-01  5.88947423e-02  4.50823456e-01]
  [-6.92081898e-02  9.97581661e-01  6.40874542e-03]
  [-4.49355751e-01 -3.69087420e-02  8.92590106e-01]]

 [[ 9.85973597e-01  2.80328393e-02 -1.64530367e-01]
  [-1.53927589e-02  9.96865451e-01  7.76033774e-02]
  [ 1.66190088e-01 -7.39822984e-02  9.83314514e-01]]

 [[ 7.75151432e-01  5.55828094e-01 -3.00325513e-01]
  [-5.57767153e-01  8.25333118e-01  8.78692195e-02]
  [ 2.96708792e-01  9.93997604e-02  9.49780822e-01]]

 [[ 7.09392786e-01 -5.80607772e-01  3.99570316e-01]
  [ 5.91203451e-01  7.98827469e-01  1.11144245e-01]
  [-3.83718967e-01  1.57382444e-01  9.09939766e-01]]

 [[-4.31053601e-02 -2.44393021e-01 -9.68717694e-01]
  [ 1.61320284e-01  9.55192566e-01 -2.48159155e-01]
  [ 9.85960305e-01 -1.66970804e-01 -1.74836768e-03]]

 [[ 9.67157707e-02  2.40910247e-01  9.65716422e-01]
  [-9.91257876e-02  9.67772543e-01 -2.31495798e-01]
  [-9.90363657e-01 -7.33381137e-02  1.17479287e-01]]

 [[ 9.56048310e-01 -2.60712922e-01 -1.34165630e-01]
  [ 2.71430433e-01  9.60004151e-01  6.86847046e-02]
  [ 1.10892572e-01 -1.02082536e-01  9.88575757e-01]]

 [[ 9.48900998e-01  2.97379196e-01  1.05605491e-01]
  [-2.94001132e-01  9.54668641e-01 -4.65946607e-02]
  [-1.14674538e-01  1.31655876e-02  9.93315876e-01]]

 [[ 9.78359163e-01  1.83214694e-01 -9.61545408e-02]
  [-1.66651607e-01  9.73170280e-01  1.58640355e-01]
  [ 1.22639999e-01 -1.39182940e-01  9.82643068e-01]]

 [[ 9.87976313e-01 -1.45144194e-01  5.32537214e-02]
  [ 1.33520916e-01  9.74675655e-01  1.79386407e-01]
  [-7.79419988e-02 -1.70119032e-01  9.82336223e-01]]]
[ 0.07495001  0.40011343 -0.20521374 -0.44665852 -0.11602986  0.08069614
  0.12295084 -0.01077251 -0.03696652  0.04501355]