[[[-0.82549745 -0.21652444 -0.5212208 ]
  [ 0.15517136 -0.9749655   0.15926127]
  [-0.54265624  0.05059123  0.8384299 ]]]
[[[ 8.57061505e-01 -4.97478217e-01 -1.34018630e-01]
  [ 4.11059827e-01  5.03442228e-01  7.59984076e-01]
  [-3.10604870e-01 -7.06442773e-01  6.35974288e-01]]

 [[ 9.45029378e-01  2.85661906e-01  1.59112141e-01]
  [-2.32679099e-01  2.45601743e-01  9.41031456e-01]
  [ 2.29738638e-01 -9.26324487e-01  2.98568428e-01]]

 [[ 9.96184349e-01  4.22061384e-02 -7.63893425e-02]
  [-8.72485116e-02  4.60615784e-01 -8.83301079e-01]
  [-2.09459709e-03  8.86595607e-01  4.62540656e-01]]

 [[ 9.83211696e-01 -2.88385507e-02 -1.80174932e-01]
  [-6.72391281e-02  8.60682547e-01 -5.04682481e-01]
  [ 1.69627741e-01  5.08324564e-01  8.44294071e-01]]

 [[ 9.42811906e-01 -2.85519809e-01  1.72000155e-01]
  [ 9.70865861e-02 -2.58414239e-01 -9.61143255e-01]
  [ 3.18872690e-01  9.22876298e-01 -2.15915874e-01]]

 [[ 9.97237265e-01  7.42766708e-02  8.77946033e-04]
  [-7.42518008e-02  9.96428192e-01  4.02183235e-02]
  [ 2.11247220e-03 -4.01723981e-02  9.99190509e-01]]

 [[ 9.29938197e-01  3.21152061e-01  1.79098919e-01]
  [-3.03054541e-01  9.45214093e-01 -1.21360458e-01]
  [-2.08261967e-01  5.85809909e-02  9.76317286e-01]]

 [[ 9.83754575e-01 -8.43277127e-02 -1.58479333e-01]
  [ 1.10828914e-01  9.79772031e-01  1.66624382e-01]
  [ 1.41222566e-01 -1.81481600e-01  9.73201156e-01]]

 [[ 9.97593164e-01  4.49647978e-02 -5.27836233e-02]
  [-4.49425690e-02  9.98988271e-01  1.60854904e-03]
  [ 5.28025478e-02  7.67554215e-04  9.98604715e-01]]

 [[ 9.06345427e-01 -4.18211997e-01  6.03052080e-02]
  [ 4.08685088e-01  9.03902531e-01  1.26240984e-01]
  [-1.07305519e-01 -8.97721052e-02  9.90164936e-01]]

 [[ 9.89683628e-01  1.13081492e-01 -8.79710391e-02]
  [-1.01215921e-01  9.86426115e-01  1.29301518e-01]
  [ 1.01398543e-01 -1.19063526e-01  9.87695396e-01]]

 [[ 9.94910061e-01 -8.11938569e-02  5.96787408e-02]
  [ 7.85346702e-02  9.95866418e-01  4.56327572e-02]
  [-6.31371513e-02 -4.07136381e-02  9.97174025e-01]]

 [[ 8.51322293e-01  4.73092264e-03 -5.24621844e-01]
  [ 5.33598661e-02  9.93993223e-01  9.55524966e-02]
  [ 5.21922588e-01 -1.09339699e-01  8.45956147e-01]]

 [[ 7.84420133e-01  1.16233900e-01  6.09241128e-01]
  [-2.24325791e-01  9.68952537e-01  1.03966296e-01]
  [-5.78241289e-01 -2.18221754e-01  7.86140144e-01]]

 [[ 9.99563396e-01 -8.96854419e-03  2.81531010e-02]
  [-1.91388559e-03  9.31167126e-01  3.64587456e-01]
  [-2.94850655e-02 -3.64482164e-01  9.30743396e-01]]

 [[ 9.06499684e-01  2.96826839e-01 -3.00253332e-01]
  [-1.77227527e-01  9.12983418e-01  3.67493689e-01]
  [ 3.83208275e-01 -2.79919773e-01  8.80225062e-01]]

 [[ 7.12513447e-01 -4.86018658e-01  5.06073594e-01]
  [ 3.00604641e-01  8.63151312e-01  4.05717403e-01]
  [-6.34004354e-01 -1.36951044e-01  7.61106372e-01]]

 [[ 9.31141853e-01 -1.48253784e-01 -3.33160222e-01]
  [ 2.43160516e-01  9.33283865e-01  2.64299512e-01]
  [ 2.71749675e-01 -3.27111721e-01  9.05069113e-01]]

 [[ 7.43352711e-01  1.43151119e-01  6.53402269e-01]
  [-1.65196717e-01  9.85861659e-01 -2.80497409e-02]
  [-6.48179591e-01 -8.70890692e-02  7.56491005e-01]]

 [[ 9.60504532e-01 -2.72316426e-01  5.72248064e-02]
  [ 2.78230906e-01  9.36686933e-01 -2.12614954e-01]
  [ 4.29681316e-03  2.20139369e-01  9.75458920e-01]]

 [[ 9.69158411e-01  2.46401533e-01 -4.26664669e-03]
  [-2.44196519e-01  9.57867742e-01 -1.51186675e-01]
  [-3.31657417e-02  1.47565737e-01  9.88495946e-01]]

 [[ 9.94968951e-01  8.04506093e-02 -5.97039685e-02]
  [-6.39496595e-02  9.68749046e-01  2.39657760e-01]
  [ 7.71187618e-02 -2.34633967e-01  9.69020009e-01]]

 [[ 9.94294643e-01 -6.56669587e-02  8.40600058e-02]
  [ 5.26831895e-02  9.87538278e-01  1.48299068e-01]
  [-9.27508250e-02 -1.43024400e-01  9.85363543e-01]]]
[ 0.31072378  0.29160663 -0.29825824 -0.3821787  -0.10127521 -0.0373285
  0.1302835  -0.01421875 -0.07266772  0.01909912]