[[[-0.8534274  -0.19601415 -0.48294935]
  [ 0.12081997 -0.9757498   0.18252368]
  [-0.50701493  0.09742081  0.856414  ]]]
[[[ 0.8416784  -0.5132425  -0.16780815]
  [ 0.40325946  0.39077327  0.82745266]
  [-0.35910898 -0.7641193   0.5358753 ]]

 [[ 0.9259067   0.33980995  0.16500284]
  [-0.2992643   0.39329866  0.8693428 ]
  [ 0.23051593 -0.85430986  0.46585086]]

 [[ 0.9967766   0.05129329 -0.06168772]
  [-0.07951575  0.52947956 -0.84458786]
  [-0.01065929  0.8467706   0.5318515 ]]

 [[ 0.9947264   0.06461841 -0.07964794]
  [-0.10183662  0.714575   -0.6921069 ]
  [ 0.01219157  0.69656813  0.71738714]]

 [[ 0.97043145 -0.14200473  0.19518572]
  [ 0.16620192 -0.19329864 -0.96696043]
  [ 0.1750421   0.97080904 -0.16398162]]

 [[ 0.9976912   0.06521221 -0.01896281]
  [-0.06493924  0.99778134  0.01467121]
  [ 0.01987748 -0.0134059   0.9997125 ]]

 [[ 0.93263966  0.3173569   0.17166238]
  [-0.3074212   0.94800097 -0.08237954]
  [-0.1888798   0.02405777  0.98170555]]

 [[ 0.9892728  -0.0713124  -0.12749043]
  [ 0.0985279   0.9700741   0.22191983]
  [ 0.10784954 -0.23210064  0.9666942 ]]

 [[ 0.99723136  0.05324309 -0.05191161]
  [-0.05242693  0.9984807   0.01696009]
  [ 0.05273576 -0.01419157  0.9985076 ]]

 [[ 0.89293325 -0.4450097   0.06809248]
  [ 0.43439195  0.8914036   0.1292406 ]
  [-0.11821122 -0.0858244   0.98927253]]

 [[ 0.9887145   0.1021279  -0.10960546]
  [-0.08553862  0.98548496  0.14663726]
  [ 0.1229903  -0.13560691  0.98309916]]

 [[ 0.9953396  -0.08311627  0.04889617]
  [ 0.07660992  0.98950416  0.12252527]
  [-0.05856681 -0.11820833  0.9912602 ]]

 [[ 0.8334129   0.04198311 -0.55105376]
  [ 0.00569196  0.9964054   0.08452162]
  [ 0.5526214  -0.07357801  0.83017814]]

 [[ 0.7536332   0.06362209  0.6542089 ]
  [-0.17156096  0.9798431   0.10234401]
  [-0.63451076 -0.18936653  0.74935734]]

 [[ 0.9995726   0.00575889  0.02866297]
  [-0.01420445  0.9525765   0.30396745]
  [-0.02555316 -0.30424464  0.95225114]]

 [[ 0.89375293  0.3163352  -0.31802148]
  [-0.2129556   0.92322594  0.3198497 ]
  [ 0.39478534 -0.21814217  0.89250124]]

 [[ 0.65838116 -0.50987697  0.55367845]
  [ 0.33836663  0.8575793   0.3873833 ]
  [-0.672341   -0.06769957  0.7371394 ]]

 [[ 0.93112767 -0.10709332 -0.34861493]
  [ 0.19045861  0.95799476  0.21440975]
  [ 0.31100944 -0.26603955  0.9124123 ]]

 [[ 0.8110262   0.07870312  0.5796915 ]
  [-0.09336628  0.99562144 -0.00454728]
  [-0.5775112  -0.05043568  0.8148233 ]]

 [[ 0.96311414 -0.2635292   0.0544379 ]
  [ 0.26907587  0.94084555 -0.20593175]
  [ 0.00305138  0.21298371  0.977051  ]]

 [[ 0.9713846   0.23718429 -0.01247469]
  [-0.23704395  0.9648357  -0.11358833]
  [-0.01490534  0.113295    0.9934496 ]]

 [[ 0.99479073  0.08424084 -0.05739944]
  [-0.06861153  0.9697746   0.2341574 ]
  [ 0.07539014 -0.22899938  0.9705027 ]]

 [[ 0.99542207 -0.06368047  0.0712721 ]
  [ 0.05172951  0.9860033   0.1584976 ]
  [-0.08036773 -0.15408514  0.9847836 ]]]
[ 0.33193472  0.299482   -0.3788816  -0.4508576  -0.06239486 -0.04596656
  0.10923652 -0.01683244 -0.05783173  0.02006304]