[[[-0.4869012   0.00835206 -0.8734172 ]
  [ 0.04547125 -0.998356   -0.03489552]
  [-0.87227273 -0.05670604  0.48572093]]]
[[[ 9.71811175e-01 -2.34731898e-01 -2.19975151e-02]
  [ 2.03838289e-01  7.89680183e-01  5.78666747e-01]
  [-1.18460536e-01 -5.66838801e-01  8.15267384e-01]]

 [[ 9.83561873e-01  9.96626392e-02  1.50576353e-01]
  [-1.79052100e-01  4.30360556e-01  8.84720266e-01]
  [ 2.33714245e-02 -8.97138298e-01  4.41131026e-01]]

 [[ 9.98858809e-01 -4.09414135e-02 -2.45957877e-02]
  [ 3.27986176e-03  5.72555125e-01 -8.19859684e-01]
  [ 4.76486534e-02  8.18843365e-01  5.72036028e-01]]

 [[ 9.87412930e-01 -1.81710459e-02 -1.57116279e-01]
  [-3.03964783e-02  9.53059137e-01 -3.01254421e-01]
  [ 1.55215234e-01  3.02238286e-01  9.40510571e-01]]

 [[ 9.97480333e-01 -6.86873719e-02 -1.77491400e-02]
  [ 4.07208093e-02  7.59203196e-01 -6.49578571e-01]
  [ 5.80930486e-02  6.47219121e-01  7.60087252e-01]]

 [[ 9.96259332e-01  1.18601974e-02  8.55957493e-02]
  [-1.14871850e-02  9.99922276e-01 -4.84905438e-03]
  [-8.56465995e-02  3.84766189e-03  9.96318161e-01]]

 [[ 9.45139229e-01  2.68690795e-01  1.85788140e-01]
  [-2.48506159e-01  9.60537195e-01 -1.24952160e-01]
  [-2.12029904e-01  7.19276816e-02  9.74612713e-01]]

 [[ 9.75454569e-01 -1.83682069e-01 -1.21446647e-01]
  [ 1.67028591e-01  9.76598203e-01 -1.35489672e-01]
  [ 1.43491596e-01  1.11878961e-01  9.83307362e-01]]

 [[ 9.99266148e-01  2.58254595e-02  2.82867495e-02]
  [-2.34787483e-02  9.96488929e-01 -8.03651437e-02]
  [-3.02628987e-02  7.96420351e-02  9.96363997e-01]]

 [[ 9.49931383e-01 -3.12338889e-01  8.65025166e-03]
  [ 3.09821546e-01  9.45142329e-01  1.03520848e-01]
  [-4.05093059e-02 -9.56576690e-02  9.94589686e-01]]

 [[ 9.68442142e-01  2.33761802e-01 -8.64601359e-02]
  [-2.25318387e-01  9.69421983e-01  9.72243398e-02]
  [ 1.06543697e-01 -7.46750832e-02  9.91499960e-01]]

 [[ 9.86713886e-01 -5.81391230e-02 -1.51708722e-01]
  [ 3.48184668e-02  9.87755239e-01 -1.52076662e-01]
  [ 1.58692688e-01  1.44773901e-01  9.76656139e-01]]

 [[ 9.48233366e-01 -5.67842536e-02 -3.12456310e-01]
  [ 8.00444856e-02  9.94853914e-01  6.21169098e-02]
  [ 3.07321131e-01 -8.39117393e-02  9.47898924e-01]]

 [[ 8.50066066e-01  1.18712552e-01  5.13122916e-01]
  [-1.53532565e-01  9.87806261e-01  2.58179624e-02]
  [-5.03801107e-01 -1.00728028e-01  8.57926846e-01]]

 [[ 9.93562698e-01 -7.21431934e-05 -1.13283418e-01]
  [ 2.67442707e-02  9.71882164e-01  2.33944207e-01]
  [ 1.10081248e-01 -2.35467926e-01  9.65627789e-01]]

 [[ 7.51360536e-01  6.00193858e-01 -2.74271160e-01]
  [-5.62933385e-01  7.99851954e-01  2.08189338e-01]
  [ 3.44330311e-01 -2.02886132e-03  9.38846350e-01]]

 [[ 6.87513411e-01 -5.98411560e-01  4.11374420e-01]
  [ 5.33139646e-01  8.00579429e-01  2.73559332e-01]
  [-4.93038952e-01  3.12443022e-02  8.69446039e-01]]

 [[ 1.69836238e-01 -2.41565824e-01 -9.55406487e-01]
  [ 3.79319251e-01  9.10819650e-01 -1.62863389e-01]
  [ 9.09545243e-01 -3.34743977e-01  2.46320754e-01]]

 [[ 6.80203080e-01  1.38590232e-01  7.19803035e-01]
  [-1.22633107e-01  9.89639997e-01 -7.46579096e-02]
  [-7.22692728e-01 -3.74891646e-02  6.90151930e-01]]

 [[ 9.52837348e-01 -2.94190437e-01 -7.45181739e-02]
  [ 3.00128460e-01  9.49860752e-01  8.76784027e-02]
  [ 4.49877381e-02 -1.05908282e-01  9.93357718e-01]]

 [[ 9.55333412e-01  2.92260677e-01  4.38366756e-02]
  [-2.90742874e-01  9.56051648e-01 -3.78656648e-02]
  [-5.29767722e-02  2.34291386e-02  9.98320818e-01]]

 [[ 9.78525162e-01  1.78267896e-01 -1.03485443e-01]
  [-1.57535702e-01  9.70543087e-01  1.82287067e-01]
  [ 1.32933021e-01 -1.62069798e-01  9.77784395e-01]]

 [[ 9.90003705e-01 -1.26837835e-01  6.16841502e-02]
  [ 1.11733668e-01  9.72195089e-01  2.05796778e-01]
  [-8.60718489e-02 -1.96847349e-01  9.76648808e-01]]]
[ 0.2445828   0.31730402 -0.24259937 -0.2876344  -0.07583302 -0.01163375
  0.1400936  -0.01068844 -0.05412433  0.02230304]