[[[ 0.7469381  -0.10088883 -0.6571947 ]
  [ 0.16087557 -0.93162906  0.3258624 ]
  [-0.64513755 -0.34912562 -0.6796387 ]]]
[[[ 0.9638832  -0.22701874 -0.13925354]
  [ 0.26609322  0.8427244   0.46798488]
  [ 0.01111102 -0.48813725  0.87269604]]

 [[ 0.94799894  0.14530067  0.2831706 ]
  [-0.31804594  0.466101    0.8255886 ]
  [-0.01202753 -0.87271845  0.48807552]]

 [[ 0.9929297  -0.1075544  -0.0502266 ]
  [ 0.04802363  0.750925   -0.658639  ]
  [ 0.10855593  0.65157014  0.7507809 ]]

 [[ 0.9021072  -0.26456246 -0.3408948 ]
  [-0.01122421  0.775347   -0.63143575]
  [ 0.4313659   0.5734491   0.6964766 ]]

 [[ 0.9847621   0.0606076   0.16300453]
  [ 0.07693439  0.68877447 -0.720882  ]
  [-0.15596429  0.7224378   0.6736162 ]]

 [[ 0.9982462  -0.04676832  0.03629492]
  [ 0.04435971  0.99692816  0.06454736]
  [-0.0392022  -0.06282412  0.9972544 ]]

 [[ 0.9593663   0.27770483  0.04996233]
  [-0.27708808  0.9606564  -0.01901286]
  [-0.05327659  0.00439633  0.9985701 ]]

 [[ 0.9602739  -0.27829283 -0.02066752]
  [ 0.27494228  0.9561835  -0.10059758]
  [ 0.04775752  0.09091885  0.99471253]]

 [[ 0.99984175 -0.01747101  0.00335866]
  [ 0.01733452  0.9991614   0.03709372]
  [-0.0040039  -0.03702963  0.99930614]]

 [[ 0.930576   -0.36548373  0.02121061]
  [ 0.34836543  0.90182614  0.25563854]
  [-0.11256    -0.23050207  0.9665397 ]]

 [[ 0.8982848   0.43840894 -0.02969947]
  [-0.42509103  0.8841337   0.19392055]
  [ 0.11127481 -0.1615709   0.9805676 ]]

 [[ 0.9824554   0.04821815 -0.18015681]
  [-0.00494563  0.97239536  0.23328702]
  [ 0.18643232 -0.22830309  0.9555735 ]]

 [[ 0.97228724  0.15195183 -0.17767416]
  [-0.14165474  0.9874843   0.06934568]
  [ 0.18598762 -0.04225553  0.9816431 ]]

 [[ 0.94863105 -0.22924034  0.21805535]
  [ 0.2198328   0.9732474   0.06680585]
  [-0.2275364  -0.01543838  0.97364724]]

 [[ 0.97796345 -0.01910156 -0.20790051]
  [ 0.06470622  0.9745029   0.21484219]
  [ 0.19849584 -0.22356027  0.9542642 ]]

 [[ 0.6286868   0.72578806 -0.27925703]
  [-0.7114075   0.6818029   0.17042348]
  [ 0.3140896   0.09152253  0.94497156]]

 [[ 0.6306359  -0.7220707   0.28445092]
  [ 0.74276805  0.6677944   0.04843901]
  [-0.22493109  0.18073367  0.9574662 ]]

 [[-0.11901463 -0.3000027  -0.946485  ]
  [ 0.42630392  0.8454835  -0.32159382]
  [ 0.8967165  -0.44176462  0.02726743]]

 [[ 0.03075859  0.4022727   0.91500306]
  [-0.30834624  0.8746064  -0.3741474 ]
  [-0.9507768  -0.2706295   0.15094094]]

 [[ 0.9524656  -0.3011384  -0.04609749]
  [ 0.30436122  0.94716144  0.10123926]
  [ 0.01317474 -0.1104572   0.99379355]]

 [[ 0.94681853  0.31447226  0.06813145]
  [-0.31619576  0.9485606   0.01591069]
  [-0.05962333 -0.0366074   0.99754953]]

 [[ 0.97229505  0.21789682 -0.08463594]
  [-0.20417194  0.9679235   0.14641666]
  [ 0.11382485 -0.12507993  0.98559564]]

 [[ 0.9762463  -0.20006709  0.08316366]
  [ 0.18670695  0.9715691   0.14558107]
  [-0.10992524 -0.12659577  0.9858447 ]]]
[ 0.12320735  0.45879608 -0.1259826  -0.30580392 -0.12179565  0.02579514
  0.03729761  0.07463717 -0.07126957  0.00533441]