[[[-0.99838287 -0.05457667  0.0159083 ]
  [ 0.05674215 -0.97377425  0.22032708]
  [ 0.00346638  0.22087345  0.9752963 ]]]
[[[ 0.7113063  -0.6515341  -0.26371703]
  [ 0.546234    0.27627575  0.79075915]
  [-0.4423479  -0.70652324  0.5524067 ]]

 [[ 0.7525779   0.6580761   0.02371445]
  [-0.5590036   0.6194145   0.55121744]
  [ 0.34805396 -0.42809048  0.83402455]]

 [[ 0.9996475   0.02639704  0.00285371]
  [-0.01809807  0.7560931  -0.6542138 ]
  [-0.01942698  0.65393144  0.7563043 ]]

 [[ 0.9914517   0.10700375 -0.07465818]
  [-0.11889142  0.50521463 -0.8547649 ]
  [-0.0537447   0.8563342   0.5136177 ]]

 [[ 0.9486932   0.09822711  0.30055377]
  [ 0.01785333  0.93236756 -0.36107054]
  [-0.31569353  0.34791106  0.8827771 ]]

 [[ 0.99989223 -0.00970087 -0.01101445]
  [ 0.0084099   0.9937015  -0.11174285]
  [ 0.01202908  0.11163819  0.993676  ]]

 [[ 0.93705183  0.3433107   0.06380961]
  [-0.345833    0.937695    0.03357968]
  [-0.04830569 -0.05353337  0.997397  ]]

 [[ 0.9504459  -0.3101221  -0.02183576]
  [ 0.31030196  0.95062315  0.00530979]
  [ 0.0191109  -0.01182235  0.9997474 ]]

 [[ 0.9996307   0.01840919 -0.01999132]
  [-0.01798969  0.99961835  0.02096489]
  [ 0.02036963 -0.02059751  0.9995804 ]]

 [[ 0.8672459  -0.42480725  0.25965998]
  [ 0.4010142   0.9050949   0.14138867]
  [-0.2950799  -0.0184914   0.9552936 ]]

 [[ 0.89524955  0.3871313  -0.22058466]
  [-0.34904146  0.9170494   0.19284815]
  [ 0.27694458 -0.09565403  0.9561129 ]]

 [[ 0.9939926  -0.08651078 -0.06704131]
  [ 0.08444835  0.9958807  -0.0330154 ]
  [ 0.06962134  0.02715554  0.99720377]]

 [[ 0.90149546  0.19687006 -0.38541952]
  [-0.17657089  0.9803671   0.08776686]
  [ 0.3951313  -0.01106754  0.918558  ]]

 [[ 0.8551339  -0.18983917  0.48239717]
  [ 0.15717036  0.9816801   0.10771132]
  [-0.4940075  -0.01628909  0.869305  ]]

 [[ 0.9968174  -0.07927188  0.00842359]
  [ 0.0784153   0.9940625   0.07543735]
  [-0.01435364 -0.07453673  0.9971149 ]]

 [[ 0.5954276   0.72962064 -0.33633286]
  [-0.64228195  0.68378156  0.34628987]
  [ 0.4826384   0.00982999  0.87576455]]

 [[ 0.4519467  -0.7161258   0.53189105]
  [ 0.6720959   0.66541564  0.32482162]
  [-0.5865417   0.21067974  0.7820376 ]]

 [[ 0.7351907  -0.26196036 -0.6251971 ]
  [ 0.4430782   0.88371736  0.15074927]
  [ 0.5130072  -0.38784063  0.7657697 ]]

 [[ 0.698229    0.18160349  0.6924567 ]
  [-0.2404696   0.9705816  -0.01207026]
  [-0.6742778  -0.15808702  0.72135836]]

 [[ 0.9801957  -0.18199342  0.07806975]
  [ 0.17304565  0.97884274  0.10918912]
  [-0.09628969 -0.09351707  0.9909506 ]]

 [[ 0.97865933  0.19468243 -0.06576235]
  [-0.18413985  0.97290087  0.13984454]
  [ 0.09120551 -0.1247507   0.9879873 ]]

 [[ 0.9872787   0.1409269  -0.07362268]
  [-0.12652862  0.9767677   0.1729606 ]
  [ 0.09628706 -0.16144495  0.98217326]]

 [[ 0.98942226 -0.1310034   0.06230278]
  [ 0.11488532  0.9698666   0.2148493 ]
  [-0.08857137 -0.20541902  0.97465795]]]
[ 0.09359188  0.5920789  -0.01523846 -0.55621326 -0.11609024 -0.06880688
  0.08423926 -0.01347047  0.02745469 -0.12385902]