[[[-0.99963224  0.0078334   0.02596307]
  [ 0.00217572 -0.93112206  0.36470115]
  [ 0.02703164  0.3646235   0.9307626 ]]]
[[[ 0.7177126  -0.6589901  -0.22499025]
  [ 0.5167777   0.28750962  0.80639875]
  [-0.46672195 -0.69503254  0.54690063]]

 [[ 0.7482957   0.6457117   0.15201925]
  [-0.5527663   0.4802483   0.6810367 ]
  [ 0.36674646 -0.59364796  0.7162954 ]]

 [[ 0.99988943 -0.00841704 -0.0122613 ]
  [-0.00354031  0.6660293  -0.7459172 ]
  [ 0.0144448   0.7458781   0.66592586]]

 [[ 0.99180484  0.09163339 -0.08903027]
  [-0.12392834  0.5205806  -0.8447707 ]
  [-0.03106178  0.8488811   0.5276703 ]]

 [[ 0.9586398   0.081629    0.27266577]
  [ 0.07586295  0.8500541  -0.52120334]
  [-0.27432597  0.5203314   0.80870306]]

 [[ 0.99947244 -0.03027298 -0.01176291]
  [ 0.0289696   0.99471503 -0.09850244]
  [ 0.01468271  0.09810971  0.99506724]]

 [[ 0.9333074   0.3344739   0.13063149]
  [-0.3429111   0.93814635  0.04789008]
  [-0.10653348 -0.08949114  0.9902738 ]]

 [[ 0.9395099  -0.33325845 -0.0791188 ]
  [ 0.33611852  0.94146866  0.02571192]
  [ 0.06591915 -0.05074991  0.9965335 ]]

 [[ 0.99956685  0.00212097 -0.02935182]
  [-0.00125143  0.9995607   0.02961129]
  [ 0.02940173 -0.02956173  0.9991304 ]]

 [[ 0.88526714 -0.41764456  0.20463401]
  [ 0.40197882  0.9084005   0.1149852 ]
  [-0.23391257 -0.01953409  0.97206134]]

 [[ 0.885465    0.41441682 -0.21026249]
  [-0.3908751   0.9088987   0.14532639]
  [ 0.25133303 -0.04649508  0.9667832 ]]

 [[ 0.99946505  0.03268149  0.00122872]
  [-0.03244149  0.9859687   0.16374703]
  [ 0.00414002 -0.1636993   0.9865015 ]]

 [[ 0.8550375   0.10921054 -0.5069358 ]
  [-0.06670969  0.9926144   0.10132382]
  [ 0.5142574  -0.05281814  0.85600793]]

 [[ 0.83869755 -0.19059767  0.51015574]
  [ 0.14176838  0.9808711   0.13339253]
  [-0.5258214  -0.03955204  0.8496749 ]]

 [[ 0.99970704  0.02394786 -0.00351782]
  [-0.02331116  0.9917009   0.12643574]
  [ 0.00651649 -0.12631668  0.99196863]]

 [[ 0.75599545  0.48495016 -0.43965238]
  [-0.41216704  0.8744569   0.25581923]
  [ 0.5085166  -0.01218795  0.8609659 ]]

 [[ 0.6840442  -0.57085705  0.45409897]
  [ 0.5085343   0.81951267  0.26418164]
  [-0.52294976  0.05021298  0.85088325]]

 [[ 0.628512   -0.13774706 -0.7655053 ]
  [ 0.22914289  0.97330606  0.01299668]
  [ 0.74328065 -0.18357868  0.6432983 ]]

 [[ 0.770224    0.1318861   0.6239881 ]
  [-0.23975456  0.96649647  0.09166403]
  [-0.5909931  -0.22020583  0.77603906]]

 [[ 0.9834119  -0.18092537  0.01292065]
  [ 0.18102069  0.9834569  -0.0066253 ]
  [-0.01150822  0.0088543   0.9998945 ]]

 [[ 0.97714096  0.20888968 -0.03950693]
  [-0.20718631  0.97734636  0.04321837]
  [ 0.04763983 -0.03404514  0.9982842 ]]

 [[ 0.99297047  0.09926895 -0.0644606 ]
  [-0.08684453  0.98107356  0.17306852]
  [ 0.08042092 -0.16625391  0.98279804]]

 [[ 0.993885   -0.10423004  0.03645169]
  [ 0.09469879  0.9743662   0.2040652 ]
  [-0.05678703 -0.1993654   0.9782784 ]]]
[ 0.19248062  0.38333982 -0.08714527 -0.35100093 -0.10150808 -0.06686812
  0.04057011  0.01476224  0.05587144 -0.05991942]