[[[-0.77007    -0.19611959 -0.6070662 ]
  [ 0.16854471 -0.9803084   0.1028989 ]
  [-0.61529255 -0.02307844  0.787961  ]]]
[[[ 0.88194245 -0.46488714 -0.07782932]
  [ 0.37972766  0.60292065  0.7016363 ]
  [-0.27925682 -0.64835685  0.7082718 ]]

 [[ 0.9516628   0.25702608  0.16815339]
  [-0.21572323  0.16962501  0.9616085 ]
  [ 0.21863542 -0.9514016   0.2168723 ]]

 [[ 0.9969216   0.01586914 -0.07678236]
  [-0.07611657  0.4307672  -0.89924735]
  [ 0.01880504  0.9023235   0.43064904]]

 [[ 0.9785682  -0.03566512 -0.2028107 ]
  [-0.0518328   0.9105156  -0.41021296]
  [ 0.1992926   0.41193366  0.889153  ]]

 [[ 0.93936193 -0.342231    0.0218386 ]
  [ 0.06093919  0.1039193  -0.99271697]
  [ 0.3374691   0.93385154  0.11847312]]

 [[ 0.99696845  0.07261638  0.02794163]
  [-0.07413602  0.9955682   0.05786085]
  [-0.02361615 -0.05975693  0.99793357]]

 [[ 0.9247753   0.3268014   0.19491407]
  [-0.30252475  0.9421526  -0.14431664]
  [-0.23080167  0.07449414  0.970145  ]]

 [[ 0.975821   -0.1510866  -0.15794364]
  [ 0.16087033  0.98565495  0.05103973]
  [ 0.1479665  -0.07521408  0.98612815]]

 [[ 0.99849665  0.04334126 -0.03355432]
  [-0.04418595  0.9987141  -0.02485556]
  [ 0.0324339   0.02630083  0.99912775]]

 [[ 0.9206623  -0.3874925   0.04722799]
  [ 0.38053355  0.91786915  0.11274064]
  [-0.08703526 -0.08582422  0.99250144]]

 [[ 0.976807    0.20147222 -0.07250523]
  [-0.1940116   0.97605073  0.09840972]
  [ 0.0905956  -0.08206045  0.99250114]]

 [[ 0.99777997 -0.06283157  0.02207709]
  [ 0.0629008   0.9980167  -0.00245465]
  [-0.02187907  0.00383787  0.99975324]]

 [[ 0.86275226 -0.05255402 -0.5028882 ]
  [ 0.10624036  0.99122286  0.07867824]
  [ 0.49433944 -0.12130686  0.86076313]]

 [[ 0.7920103   0.15956508  0.58928657]
  [-0.25064716  0.9651268   0.07553984]
  [-0.5566827  -0.20753133  0.80438495]]

 [[ 0.9997897  -0.01463648  0.01435977]
  [ 0.00867498  0.9365012   0.350557  ]
  [-0.01857886 -0.35035875  0.9364312 ]]

 [[ 0.8934891   0.3207087  -0.3143613 ]
  [-0.18517195  0.90082633  0.39271268]
  [ 0.40913132 -0.29267365  0.8642648 ]]

 [[ 0.7335565  -0.4913547   0.46953747]
  [ 0.32833984  0.8611163   0.38816446]
  [-0.59505284 -0.13057268  0.7930088 ]]

 [[ 0.8662962  -0.16748694 -0.47061557]
  [ 0.31607988  0.9133192   0.25679088]
  [ 0.38681313 -0.37120908  0.84414417]]

 [[ 0.77213585  0.11539126  0.6248929 ]
  [-0.12786451  0.9914743  -0.0250902 ]
  [-0.6224603  -0.06052858  0.7803073 ]]

 [[ 0.9506572  -0.3081872   0.03565872]
  [ 0.30981734  0.9370399  -0.16115044]
  [ 0.01625086  0.16424651  0.98628545]]

 [[ 0.9639737   0.2657367   0.01177768]
  [-0.2622438   0.95685023 -0.12516321]
  [-0.04452994  0.11756542  0.99206626]]

 [[ 0.9943555   0.08291615 -0.06619767]
  [-0.06550106  0.97055906  0.23178586]
  [ 0.08346754 -0.22614151  0.97051185]]

 [[ 0.9939998  -0.06501915  0.08796002]
  [ 0.04990349  0.9851514   0.16427524]
  [-0.09733497 -0.15890004  0.982485  ]]]
[ 0.26055878  0.27341753 -0.22968288 -0.33036634 -0.07719064 -0.03951176
  0.16688503 -0.0218724  -0.09395754  0.0111227 ]