[[[-0.9977543   0.00413951  0.066853  ]
  [ 0.0184157  -0.94267046  0.3332166 ]
  [ 0.0643997   0.33369943  0.94047725]]]
[[[ 7.06923187e-01 -6.75437570e-01 -2.09865913e-01]
  [ 5.48000276e-01  3.35458100e-01  7.66266048e-01]
  [-4.47163671e-01 -6.56697810e-01  6.07283115e-01]]

 [[ 7.38722444e-01  6.55883968e-01  1.55258745e-01]
  [-5.63490510e-01  4.74592865e-01  6.76195204e-01]
  [ 3.69820952e-01 -5.87007463e-01  7.20176756e-01]]

 [[ 9.99223590e-01 -3.88273932e-02 -6.69235550e-03]
  [ 2.23410185e-02  6.98269010e-01 -7.15486705e-01]
  [ 3.24535444e-02  7.14781582e-01  6.98594332e-01]]

 [[ 9.91252005e-01  6.46085963e-02 -1.15087315e-01]
  [-1.31083712e-01  5.83523870e-01 -8.01446736e-01]
  [ 1.53758628e-02  8.09521854e-01  5.86888313e-01]]

 [[ 9.63665485e-01  7.00916648e-02  2.57751614e-01]
  [ 8.16996247e-02  8.41368556e-01 -5.34250915e-01]
  [-2.54310668e-01  5.35897434e-01  8.05071354e-01]]

 [[ 9.99755919e-01 -2.01220978e-02 -9.12233535e-03]
  [ 1.94136649e-02  9.97213423e-01 -7.20311850e-02]
  [ 1.05463332e-02  7.18365014e-02  9.97360647e-01]]

 [[ 9.34901834e-01  3.35928500e-01  1.14502139e-01]
  [-3.45013469e-01  9.35886502e-01  7.12886453e-02]
  [-8.32131281e-02 -1.06152654e-01  9.90861893e-01]]

 [[ 9.38368380e-01 -3.36654186e-01 -7.82859996e-02]
  [ 3.41059268e-01  9.38617349e-01  5.17309494e-02]
  [ 5.60651533e-02 -7.52428547e-02  9.95587885e-01]]

 [[ 9.99655068e-01  1.10115986e-02 -2.38422286e-02]
  [-9.83870681e-03  9.98761892e-01  4.87642847e-02]
  [ 2.43496802e-02 -4.85128909e-02  9.98525739e-01]]

 [[ 8.74366224e-01 -4.33223486e-01  2.18634501e-01]
  [ 4.11843807e-01  9.00771558e-01  1.37823641e-01]
  [-2.56648153e-01 -3.04650757e-02  9.66024637e-01]]

 [[ 8.81805182e-01  4.39978629e-01 -1.69818982e-01]
  [-4.14975911e-01  8.94950330e-01  1.63886935e-01]
  [ 2.24086300e-01 -7.40455464e-02  9.71752346e-01]]

 [[ 9.99598384e-01  2.50614565e-02 -1.32287089e-02]
  [-2.13748664e-02  9.73266065e-01  2.28683516e-01]
  [ 1.86061990e-02 -2.28308901e-01  9.73410845e-01]]

 [[ 9.09776092e-01  2.17568934e-01 -3.53512734e-01]
  [-1.97188303e-01  9.75928903e-01  9.31638852e-02]
  [ 3.65272880e-01 -1.50496997e-02  9.30778861e-01]]

 [[ 8.90151441e-01 -2.43518353e-01  3.85135174e-01]
  [ 2.07709089e-01  9.69146192e-01  1.32712692e-01]
  [-4.05570239e-01 -3.81383337e-02  9.13267851e-01]]

 [[ 9.99616563e-01  1.73493419e-02 -2.15819087e-02]
  [-1.38654541e-02  9.88248467e-01  1.52225748e-01]
  [ 2.39693057e-02 -1.51868135e-01  9.88110065e-01]]

 [[ 7.70235658e-01  5.77761590e-01 -2.70052969e-01]
  [-5.06052673e-01  8.11375380e-01  2.92541802e-01]
  [ 3.88133764e-01 -8.86651054e-02  9.17328060e-01]]

 [[ 6.89163804e-01 -6.13832891e-01  3.85048628e-01]
  [ 5.48366070e-01  7.89169133e-01  2.76598543e-01]
  [-4.73653764e-01  2.05259100e-02  8.80471945e-01]]

 [[ 7.38868594e-01 -2.47150347e-01 -6.26888990e-01]
  [ 4.04611856e-01  9.06655192e-01  1.19438805e-01]
  [ 5.38852811e-01 -3.41896325e-01  7.69899011e-01]]

 [[ 7.33641565e-01  2.21823379e-01  6.42311752e-01]
  [-3.42125356e-01  9.37256217e-01  6.70889243e-02]
  [-5.87128878e-01 -2.68970370e-01  7.63501525e-01]]

 [[ 9.86276329e-01 -1.59197554e-01  4.37635556e-02]
  [ 1.59319267e-01  9.87226844e-01  7.15676288e-04]
  [-4.33184914e-02  6.26652129e-03  9.99041677e-01]]

 [[ 9.83631849e-01  1.74621329e-01 -4.44497243e-02]
  [-1.73237726e-01  9.84316707e-01  3.33074853e-02]
  [ 4.95687984e-02 -2.50619352e-02  9.98456240e-01]]

 [[ 9.89378691e-01  1.26189828e-01 -7.21529573e-02]
  [-1.11461058e-01  9.77206528e-01  1.80676073e-01]
  [ 9.33078229e-02 -1.70714796e-01  9.80892539e-01]]

 [[ 9.88713622e-01 -1.31984890e-01  7.08891898e-02]
  [ 1.15395397e-01  9.72666800e-01  2.01502174e-01]
  [-9.55468118e-02 -1.91047683e-01  9.76919353e-01]]]
[ 0.06560926  0.33520293 -0.03706896 -0.36181036 -0.10696661 -0.00586381
  0.11086649 -0.02196097  0.02812953 -0.01036537]