[[[-0.99959624  0.00798464  0.0272705 ]
  [ 0.00226059 -0.934321    0.35642546]
  [ 0.02832534  0.35634318  0.9339257 ]]]
[[[ 0.71830916 -0.6608988  -0.21735856]
  [ 0.5163373   0.29702213  0.803227  ]
  [-0.46629143 -0.6891957   0.5546004 ]]

 [[ 0.74660265  0.64899516  0.14625184]
  [-0.5547223   0.4859549   0.67537457]
  [ 0.36724308 -0.5853657   0.7228273 ]]

 [[ 0.9998825  -0.00754748 -0.0133476 ]
  [-0.00485712  0.669753   -0.7425682 ]
  [ 0.01454411  0.74254566  0.6696377 ]]

 [[ 0.9921463   0.0926298  -0.08405575]
  [-0.12101013  0.5407328  -0.8324449 ]
  [-0.0316575   0.83607876  0.5476952 ]]

 [[ 0.95942944  0.07870157  0.27074206]
  [ 0.07100929  0.861851   -0.5021659 ]
  [-0.27286053  0.5010179   0.82129663]]

 [[ 0.9995264  -0.02844681 -0.01173438]
  [ 0.02704409  0.99399126 -0.10606591]
  [ 0.01468111  0.10569835  0.9942898 ]]

 [[ 0.9337111   0.3369002   0.12116853]
  [-0.34387913  0.9380921   0.04159793]
  [-0.09965289 -0.08050777  0.99175996]]

 [[ 0.9405277  -0.33253425 -0.06948921]
  [ 0.33455673  0.9421739   0.01949563]
  [ 0.05898796 -0.04158426  0.9973922 ]]

 [[ 0.9995598   0.00494158 -0.02925119]
  [-0.0041227   0.99959975  0.02798866]
  [ 0.02937779 -0.02785575  0.99918014]]

 [[ 0.88424355 -0.41672075  0.2108489 ]
  [ 0.4006815   0.9088562   0.11590857]
  [-0.2399328  -0.01800815  0.97062254]]

 [[ 0.88563365  0.41017446 -0.21773829]
  [-0.38640267  0.9109573   0.14439453]
  [ 0.25757724 -0.04374601  0.96526694]]

 [[ 0.99948376  0.03203006 -0.00251313]
  [-0.03125709  0.98748994  0.15455332]
  [ 0.00743204 -0.15439498  0.9879813 ]]

 [[ 0.8501664   0.11247218 -0.5143608 ]
  [-0.07007062  0.992397    0.10118453]
  [ 0.5218305  -0.04998213  0.85158354]]

 [[ 0.83220065 -0.19178422  0.5202508 ]
  [ 0.1439823   0.9808367   0.13125753]
  [-0.53545415 -0.0343257   0.84386647]]

 [[ 0.99977875  0.0209308  -0.00208989]
  [-0.02050328  0.9918855   0.12547068]
  [ 0.00469913 -0.12540007  0.9920952 ]]

 [[ 0.73494196  0.5092273  -0.44782585]
  [-0.43976495  0.86059356  0.25687668]
  [ 0.5162046   0.00814866  0.85642666]]

 [[ 0.6557563  -0.59009695  0.47092396]
  [ 0.5348972   0.8033367   0.2617924 ]
  [-0.53279334  0.0802239   0.8424343 ]]

 [[ 0.6403355  -0.13603707 -0.7559525 ]
  [ 0.2236011   0.9745798   0.01402305]
  [ 0.7348285  -0.17801131  0.6544761 ]]

 [[ 0.76314574  0.12776574  0.63347024]
  [-0.22360128  0.9719171   0.07334623]
  [-0.60630935 -0.19761859  0.770283  ]]

 [[ 0.9833875  -0.1808777   0.01524471]
  [ 0.18076894  0.983491    0.00824457]
  [-0.0164843  -0.00535183  0.9998498 ]]

 [[ 0.97680265  0.20996447 -0.04209066]
  [-0.20743828  0.9765613   0.05742241]
  [ 0.05316078 -0.04735914  0.99746233]]

 [[ 0.9926535   0.10232548 -0.06456412]
  [-0.08957958  0.98025066  0.17630722]
  [ 0.08132973 -0.16922835  0.9822155 ]]

 [[ 0.99377644 -0.10488398  0.03752113]
  [ 0.0949593   0.9737478   0.20687664]
  [-0.05823416 -0.20202611  0.9776473 ]]]
[ 0.19227508  0.40150973 -0.08537468 -0.36458108 -0.11162049 -0.0695337
  0.0448676   0.0159637   0.05476443 -0.06299543]