[[[-0.5872841  -0.01516546 -0.8092388 ]
  [ 0.06166736 -0.99775666 -0.02605514]
  [-0.8070282  -0.0652054   0.58690184]]]
[[[ 0.95526767 -0.29274082 -0.04202953]
  [ 0.24842851  0.71718913  0.65109354]
  [-0.16045856 -0.63241     0.75783277]]

 [[ 0.98589855  0.11296111  0.12346635]
  [-0.15610586  0.35499048  0.92174447]
  [ 0.0602919  -0.92802024  0.3676185 ]]

 [[ 0.99906296 -0.01317587 -0.04122502]
  [-0.02966058  0.4852228  -0.87388724]
  [ 0.03151755  0.87429124  0.4843773 ]]

 [[ 0.98939955  0.00911673 -0.14493205]
  [-0.06945776  0.906174   -0.41716215]
  [ 0.12753052  0.42280674  0.89720136]]

 [[ 0.99143213 -0.11187908 -0.0674195 ]
  [ 0.04193887  0.76145303 -0.64686203]
  [ 0.1237071   0.6384923   0.7596211 ]]

 [[ 0.997321    0.03760758  0.06274132]
  [-0.03964915  0.99871325  0.03161781]
  [-0.06147152 -0.03402074  0.9975288 ]]

 [[ 0.93687433  0.28419414  0.20371602]
  [-0.25915655  0.955474   -0.14109322]
  [-0.23474322  0.07939226  0.96880984]]

 [[ 0.96790266 -0.19322556 -0.1607122 ]
  [ 0.17407537  0.9766563  -0.12585822]
  [ 0.1812796   0.09384246  0.97894406]]

 [[ 0.9991625   0.03967881  0.00999576]
  [-0.03885488  0.99662644 -0.07229163]
  [-0.01283048  0.0718427   0.99733347]]

 [[ 0.9514565  -0.30778083  0.00118911]
  [ 0.30668342  0.94837606  0.08079657]
  [-0.02599536 -0.07650975  0.99672985]]

 [[ 0.96411246  0.25941283 -0.05649853]
  [-0.2553869   0.9643251   0.06967624]
  [ 0.07255786 -0.05274675  0.99596846]]

 [[ 0.9976296  -0.04124495 -0.05508295]
  [ 0.03434107  0.9920731  -0.12087838]
  [ 0.05963194  0.11870024  0.99113786]]

 [[ 0.8679752  -0.13368805 -0.4782745 ]
  [ 0.19332965  0.97807103  0.07746375]
  [ 0.45743048 -0.15970127  0.8747872 ]]

 [[ 0.7929287   0.1760657   0.5833222 ]
  [-0.24124268  0.96982604  0.03520378]
  [-0.559523   -0.16863634  0.8114775 ]]

 [[ 0.99917084  0.02447989 -0.03253186]
  [-0.01294925  0.94863176  0.31611732]
  [ 0.03859928 -0.31543395  0.9481622 ]]

 [[ 0.8442683   0.3809314  -0.3769646 ]
  [-0.25460884  0.9040472   0.34332627]
  [ 0.47157758 -0.19388096  0.8602469 ]]

 [[ 0.72681713 -0.5400424   0.4243713 ]
  [ 0.438444    0.8404085   0.31855983]
  [-0.5286811  -0.04547169  0.84760165]]

 [[ 0.5184963  -0.1705858  -0.83789146]
  [ 0.39618897  0.91629595  0.0586179 ]
  [ 0.7577571  -0.3623565   0.54268026]]

 [[ 0.76572317  0.07867686  0.63834006]
  [-0.05615046  0.9968779  -0.05551199]
  [-0.64071465  0.00666373  0.76775026]]

 [[ 0.9492322  -0.31115267 -0.0462828 ]
  [ 0.30987126  0.9502106  -0.03285803]
  [ 0.05420227  0.0168482   0.99838775]]

 [[ 0.961807    0.2658272   0.0652924 ]
  [-0.26397043  0.9638683  -0.03574319]
  [-0.07243478  0.01714279  0.9972258 ]]

 [[ 0.9861834   0.13642819 -0.0939659 ]
  [-0.11563215  0.9731002   0.19926162]
  [ 0.11862314 -0.18564303  0.9754307 ]]

 [[ 0.9915447  -0.10550491  0.0755496 ]
  [ 0.08826943  0.9751325   0.2032858 ]
  [-0.09511851 -0.19489825  0.97620034]]]
[ 0.17464891  0.2704995  -0.22539522 -0.21253744 -0.04303217 -0.0278745
  0.14705473 -0.00950277 -0.07749534  0.03159076]