[[[-0.8940637  -0.18051125 -0.40995824]
  [ 0.11045992 -0.97579134  0.18875855]
  [-0.43410677  0.12347823  0.8923589 ]]]
[[[ 8.27510238e-01 -5.48661828e-01 -1.19150795e-01]
  [ 4.09337819e-01  4.44321245e-01  7.96882093e-01]
  [-3.84277612e-01 -7.08201110e-01  5.92268407e-01]]

 [[ 8.81582677e-01  4.35331166e-01  1.82479322e-01]
  [-4.40054417e-01  6.18106067e-01  6.51380777e-01]
  [ 1.70774788e-01 -6.54546916e-01  7.36481011e-01]]

 [[ 9.99502957e-01  2.93306373e-02 -1.15544265e-02]
  [-2.89516952e-02  7.09026873e-01 -7.04586864e-01]
  [-1.24735804e-02  7.04571187e-01  7.09523618e-01]]

 [[ 9.90648448e-01  1.35189712e-01 -1.84238404e-02]
  [-1.11260951e-01  7.22277105e-01 -6.82595611e-01]
  [-7.89728016e-02  6.78262115e-01  7.30564058e-01]]

 [[ 9.64950264e-01  1.32688046e-01  2.26417765e-01]
  [ 1.86570570e-01  2.59902120e-01 -9.47439969e-01]
  [-1.84560403e-01  9.56475198e-01  2.26036936e-01]]

 [[ 9.99938250e-01  1.10752229e-02 -9.10657574e-04]
  [-1.11125885e-02  9.96719241e-01 -8.01697224e-02]
  [ 1.97719164e-05  8.01748857e-02  9.96780753e-01]]

 [[ 9.33608413e-01  3.30293030e-01  1.38859466e-01]
  [-3.25376242e-01  9.43840981e-01 -5.73971644e-02]
  [-1.50019139e-01  8.40490218e-03  9.88647401e-01]]

 [[ 9.84045267e-01 -1.71050265e-01 -4.89570536e-02]
  [ 1.75358817e-01  9.78954792e-01  1.04387745e-01]
  [ 3.00711915e-02 -1.11307308e-01  9.93331015e-01]]

 [[ 9.99110520e-01  3.38656791e-02 -2.51242649e-02]
  [-3.37742232e-02  9.99421239e-01  4.05566860e-03]
  [ 2.52470728e-02 -3.20350868e-03  9.99676049e-01]]

 [[ 8.65508914e-01 -4.85682875e-01  1.22500874e-01]
  [ 4.70228314e-01  8.72105181e-01  1.35343656e-01]
  [-1.72567740e-01 -5.95377609e-02  9.83196676e-01]]

 [[ 9.67699111e-01  1.93166494e-01 -1.62003264e-01]
  [-1.57616034e-01  9.65079963e-01  2.09231615e-01]
  [ 1.96762636e-01 -1.76938951e-01  9.64353144e-01]]

 [[ 9.93802071e-01 -1.09235838e-01  2.06149742e-02]
  [ 1.08118713e-01  9.92920578e-01  4.91835289e-02]
  [-2.58416366e-02 -4.66498286e-02  9.98576939e-01]]

 [[ 9.00341928e-01  8.91212597e-02 -4.25959796e-01]
  [-5.77869751e-02  9.94621575e-01  8.59562233e-02]
  [ 4.31329370e-01 -5.27750663e-02  9.00649548e-01]]

 [[ 8.30627501e-01  3.25181708e-02  5.55878103e-01]
  [-1.04652219e-01  9.89620388e-01  9.84863266e-02]
  [-5.46905637e-01 -1.39979348e-01  8.25408995e-01]]

 [[ 9.98660564e-01  3.73704080e-03  5.16058058e-02]
  [-1.57262105e-02  9.72125649e-01  2.33932465e-01]
  [-4.92931120e-02 -2.34430686e-01  9.70882297e-01]]

 [[ 7.37832963e-01  5.77944458e-01 -3.48687232e-01]
  [-5.48768818e-01  8.14408183e-01  1.88659012e-01]
  [ 3.93008143e-01  5.21498248e-02  9.18055117e-01]]

 [[ 5.81462324e-01 -6.02655828e-01  5.46541512e-01]
  [ 5.03423572e-01  7.94245899e-01  3.40203136e-01]
  [-6.39113724e-01  7.73265660e-02  7.65215218e-01]]

 [[ 7.39848137e-01 -1.25016674e-01 -6.61056399e-01]
  [ 1.40546530e-01  9.89623845e-01 -2.98558101e-02]
  [ 6.57929599e-01 -7.08204284e-02  7.49742031e-01]]

 [[ 7.21690297e-01  1.03350334e-01  6.84457362e-01]
  [-1.41086593e-01  9.89996970e-01 -7.24236015e-04]
  [-6.77685559e-01 -9.60450619e-02  7.29052544e-01]]

 [[ 9.75420892e-01 -2.18501478e-01  2.84816455e-02]
  [ 2.19045237e-01  9.75556254e-01 -1.75835099e-02]
  [-2.39434242e-02  2.33900901e-02  9.99439657e-01]]

 [[ 9.68070626e-01  2.43364707e-01 -6.01079836e-02]
  [-2.41901368e-01  9.69817042e-01  3.06388531e-02]
  [ 6.57501593e-02 -1.51203694e-02  9.97721672e-01]]

 [[ 9.88196373e-01  1.34241834e-01 -7.38042071e-02]
  [-1.16652392e-01  9.71684277e-01  2.05479309e-01]
  [ 9.92983207e-02 -1.94444478e-01  9.75874484e-01]]

 [[ 9.93955910e-01 -1.06283993e-01  2.74848174e-02]
  [ 9.86216590e-02  9.74464178e-01  2.01725453e-01]
  [-4.82231639e-02 -1.97795600e-01  9.79056358e-01]]]
[ 0.19594306  0.3798652  -0.19198279 -0.5073484  -0.1265099  -0.05889779
  0.12103589 -0.00810517 -0.03340386 -0.02093834]