[[[-0.89393955 -0.1803444  -0.41030216]
  [ 0.11056297 -0.97591335  0.18806604]
  [-0.4343361   0.12275545  0.892347  ]]]
[[[ 8.26921403e-01 -5.49607396e-01 -1.18880913e-01]
  [ 4.09839898e-01  4.44320679e-01  7.96624303e-01]
  [-3.85009408e-01 -7.07467854e-01  5.92669308e-01]]

 [[ 8.81527662e-01  4.35345322e-01  1.82711259e-01]
  [-4.40072924e-01  6.17475033e-01  6.51966572e-01]
  [ 1.71010956e-01 -6.55132890e-01  7.35904992e-01]]

 [[ 9.99494672e-01  2.95580719e-02 -1.16935512e-02]
  [-2.92190146e-02  7.09464550e-01 -7.04135120e-01]
  [-1.25167212e-02  7.04120994e-01  7.09969699e-01]]

 [[ 9.90646601e-01  1.35170102e-01 -1.86597947e-02]
  [-1.11403733e-01  7.22232699e-01 -6.82619154e-01]
  [-7.87929371e-02  6.78313255e-01  7.30535805e-01]]

 [[ 9.64997232e-01  1.32442191e-01  2.26361111e-01]
  [ 1.87148362e-01  2.56905019e-01 -9.48143125e-01]
  [-1.83727473e-01  9.57318604e-01  2.23126292e-01]]

 [[ 9.99935865e-01  1.12983072e-02 -8.11679871e-04]
  [-1.13269612e-02  9.96678829e-01 -8.06405246e-02]
  [-1.02116865e-04  8.06445405e-02  9.96742904e-01]]

 [[ 9.33557391e-01  3.30236763e-01  1.39335006e-01]
  [-3.25343102e-01  9.43863451e-01 -5.72146736e-02]
  [-1.50407642e-01  8.08149483e-03  9.88590956e-01]]

 [[ 9.84231174e-01 -1.69997454e-01 -4.88848947e-02]
  [ 1.74325138e-01  9.79062617e-01  1.05105966e-01]
  [ 2.99936179e-02 -1.11970454e-01  9.93258774e-01]]

 [[ 9.99106288e-01  3.38934660e-02 -2.52555776e-02]
  [-3.37995365e-02  9.99420106e-01  4.13684733e-03]
  [ 2.53811423e-02 -3.27952323e-03  9.99672472e-01]]

 [[ 8.65363777e-01 -4.85964119e-01  1.22410335e-01]
  [ 4.70509529e-01  8.71946692e-01  1.35387421e-01]
  [-1.72528714e-01 -5.95641546e-02  9.83201861e-01]]

 [[ 9.67804551e-01  1.91924527e-01 -1.62847698e-01]
  [-1.56230286e-01  9.65313256e-01  2.09194794e-01]
  [ 1.97348639e-01 -1.77017927e-01  9.64218974e-01]]

 [[ 9.93770838e-01 -1.09815136e-01  1.89798325e-02]
  [ 1.08803011e-01  9.92904663e-01  4.79820147e-02]
  [-2.41143145e-02 -4.56180610e-02  9.98667896e-01]]

 [[ 9.00491893e-01  8.86522606e-02 -4.25740659e-01]
  [-5.74680641e-02  9.94673431e-01  8.55697542e-02]
  [ 4.31058884e-01 -5.25883846e-02  9.00790036e-01]]

 [[ 8.30108166e-01  3.27109098e-02  5.56642115e-01]
  [-1.04893029e-01  9.89616275e-01  9.82701406e-02]
  [-5.47647655e-01 -1.39962718e-01  8.24919701e-01]]

 [[ 9.98764634e-01  3.27329151e-03  4.95822281e-02]
  [-1.47225223e-02  9.72518086e-01  2.32361451e-01]
  [-4.74590249e-02 -2.32804388e-01  9.71364856e-01]]

 [[ 7.38172233e-01  5.77750921e-01 -3.48289639e-01]
  [-5.48562646e-01  8.14564466e-01  1.88583404e-01]
  [ 3.92658591e-01  5.18516749e-02  9.18221474e-01]]

 [[ 5.80377519e-01 -6.03206158e-01  5.47087133e-01]
  [ 5.04164398e-01  7.93731093e-01  3.40307504e-01]
  [-6.39515638e-01  7.83150196e-02  7.64778733e-01]]

 [[ 7.39450812e-01 -1.24923415e-01 -6.61518335e-01]
  [ 1.40853748e-01  9.89592850e-01 -2.94305924e-02]
  [ 6.58310413e-01 -7.14148805e-02  7.49351144e-01]]

 [[ 7.22993135e-01  1.03340730e-01  6.83082581e-01]
  [-1.39845163e-01  9.90171850e-01 -1.78309006e-03]
  [-6.76553309e-01 -9.42366123e-02  7.30339170e-01]]

 [[ 9.75440323e-01 -2.18396291e-01  2.86204014e-02]
  [ 2.18944326e-01  9.75578070e-01 -1.76295079e-02]
  [-2.40712184e-02  2.34628115e-02  9.99434829e-01]]

 [[ 9.68248248e-01  2.42622495e-01 -6.02475703e-02]
  [-2.41194010e-01  9.70011353e-01  3.00579164e-02]
  [ 6.57335520e-02 -1.45721706e-02  9.97730911e-01]]

 [[ 9.88167226e-01  1.34459615e-01 -7.37978593e-02]
  [-1.16873145e-01  9.71668959e-01  2.05426484e-01]
  [ 9.93286669e-02 -1.94370747e-01  9.75886166e-01]]

 [[ 9.93977726e-01 -1.06151849e-01  2.72041913e-02]
  [ 9.85399336e-02  9.74439859e-01  2.01883748e-01]
  [-4.79391739e-02 -1.97987244e-01  9.79031682e-01]]]
[ 0.19201517  0.38117227 -0.19138795 -0.5084603  -0.12697226 -0.0587162
  0.12085685 -0.00813028 -0.03377019 -0.02168533]