[[[-0.9974772  -0.02518082  0.06637183]
  [ 0.04155911 -0.9651406   0.2584113 ]
  [ 0.05755115  0.26051772  0.9637522 ]]]
[[[ 0.70639807 -0.65539396 -0.26732084]
  [ 0.54418486  0.26136854  0.7972134 ]
  [-0.45261964 -0.70862204  0.5412857 ]]

 [[ 0.749908    0.65530473  0.09062995]
  [-0.56211966  0.5589651   0.60957336]
  [ 0.3487973  -0.5080688   0.78753203]]

 [[ 0.99998015 -0.00235649 -0.0058453 ]
  [-0.00246686  0.7071227  -0.7070866 ]
  [ 0.00579959  0.707087    0.70710284]]

 [[ 0.9916252   0.08859002 -0.09397469]
  [-0.1255903   0.49183    -0.8615859 ]
  [-0.03010832  0.8661726   0.49883705]]

 [[ 0.9482467   0.09839863  0.30190378]
  [ 0.05672961  0.88298064 -0.46596876]
  [-0.3124259   0.4589802   0.8317014 ]]

 [[ 0.9995622  -0.02369944 -0.01771495]
  [ 0.02213494  0.99623454 -0.08382528]
  [ 0.01963486  0.08339645  0.996323  ]]

 [[ 0.9279949   0.3610566   0.09199835]
  [-0.36591402  0.92968374  0.04236842]
  [-0.07023198 -0.07298115  0.99485743]]

 [[ 0.940912   -0.33665058 -0.03675435]
  [ 0.33737788  0.9412398   0.01561712]
  [ 0.02933714 -0.02709444  0.99920225]]

 [[ 0.9993771   0.0168281  -0.03102036]
  [-0.01581924  0.99934703  0.03248581]
  [ 0.03154678 -0.03197486  0.9989907 ]]

 [[ 0.8592074  -0.45160076  0.24045657]
  [ 0.42879862  0.8920001   0.14306507]
  [-0.27909556 -0.01981513  0.9600588 ]]

 [[ 0.8878181   0.4140124  -0.20092984]
  [-0.3802404   0.90589505  0.18647067]
  [ 0.25922254 -0.08915039  0.96169424]]

 [[ 0.99811    -0.04759197 -0.03887783]
  [ 0.05123554  0.9937838   0.09883717]
  [ 0.03393229 -0.10064229  0.99434394]]

 [[ 0.89627963  0.15353714 -0.41606382]
  [-0.1326563   0.98802185  0.07883622]
  [ 0.42318442 -0.01546582  0.9059115 ]]

 [[ 0.8422718  -0.17890139  0.50850016]
  [ 0.15057087  0.9838548   0.09673819]
  [-0.5175969  -0.00491455  0.8556105 ]]

 [[ 0.99859047 -0.05305022  0.00163484]
  [ 0.05224372  0.9879079   0.14597453]
  [-0.00935905 -0.14568336  0.98928696]]

 [[ 0.72088164  0.62158424 -0.30653322]
  [-0.5429942   0.7813965   0.30753332]
  [ 0.43068185 -0.0552494   0.900811  ]]

 [[ 0.54830396 -0.65993977  0.5136557 ]
  [ 0.6262744   0.73107475  0.27075833]
  [-0.55420494  0.17323159  0.81415457]]

 [[ 0.8359058  -0.190143   -0.51488554]
  [ 0.3177745   0.93252224  0.1715274 ]
  [ 0.4475275  -0.30699828  0.8399233 ]]

 [[ 0.75251615  0.1318193   0.6452466 ]
  [-0.1546987   0.98773056 -0.02136967]
  [-0.64014673 -0.08373776  0.76367545]]

 [[ 0.9820375  -0.18126819  0.05238692]
  [ 0.1799391   0.9832472   0.02910155]
  [-0.05678448 -0.01915236  0.99820286]]

 [[ 0.97871256  0.20043257 -0.0441411 ]
  [-0.19579862  0.9763271   0.09191414]
  [ 0.06151874 -0.08131476  0.99478805]]

 [[ 0.9906226   0.12000415 -0.06531479]
  [-0.10515687  0.97489196  0.19628501]
  [ 0.08722987 -0.18757604  0.97836924]]

 [[ 0.9917823  -0.11262922  0.06068328]
  [ 0.09668092  0.9704546   0.22106746]
  [-0.08378901 -0.2133839   0.97336876]]]
[ 0.10046469  0.48082864 -0.07040766 -0.48002627 -0.0885253  -0.04290249
  0.07969707 -0.01161265  0.05747455 -0.12149608]