[[[-0.9977548  -0.02334628  0.062771  ]
  [ 0.03888624 -0.9650472   0.2591751 ]
  [ 0.05452621  0.26103413  0.96378833]]]
[[[ 7.0737743e-01 -6.5781707e-01 -2.5863886e-01]
  [ 5.4448533e-01  2.7378479e-01  7.9282898e-01]
  [-4.5072493e-01 -7.0165431e-01  5.5184090e-01]]

 [[ 7.4843305e-01  6.5741944e-01  8.7451532e-02]
  [-5.6393939e-01  5.6145418e-01  6.0559201e-01]
  [ 3.4902790e-01 -5.0256234e-01  7.9095560e-01]]

 [[ 9.9997211e-01 -5.2654315e-03 -5.2893599e-03]
  [ 4.3734119e-05  7.1282923e-01 -7.0133758e-01]
  [ 7.4632624e-03  7.0131785e-01  7.1280956e-01]]

 [[ 9.9168354e-01  8.8294685e-02 -9.3636446e-02]
  [-1.2547225e-01  5.0135505e-01 -8.5609573e-01]
  [-2.8643636e-02  8.6072481e-01  5.0826406e-01]]

 [[ 9.4879872e-01  9.9062726e-02  2.9994577e-01]
  [ 5.5760182e-02  8.8211697e-01 -4.6771824e-01]
  [-3.1092072e-01  4.6049556e-01  8.3142769e-01]]

 [[ 9.9964035e-01 -2.1351473e-02 -1.6226877e-02]
  [ 1.9859524e-02  9.9599981e-01 -8.7119892e-02]
  [ 1.8022105e-02  8.6766295e-02  9.9606562e-01]]

 [[ 9.2886108e-01  3.5891649e-01  9.1630183e-02]
  [-3.6366740e-01  9.3061298e-01  4.1297503e-02]
  [-7.0449881e-02 -7.1682543e-02  9.9493641e-01]]

 [[ 9.4166470e-01 -3.3439869e-01 -3.8015656e-02]
  [ 3.3518216e-01  9.4201136e-01  1.6356599e-02]
  [ 3.0341554e-02 -2.8144598e-02  9.9914330e-01]]

 [[ 9.9936193e-01  1.8827753e-02 -3.0352501e-02]
  [-1.7919257e-02  9.9939132e-01  2.9930647e-02]
  [ 3.0897554e-02 -2.9367654e-02  9.9909103e-01]]

 [[ 8.5936987e-01 -4.4921234e-01  2.4431892e-01]
  [ 4.2635426e-01  8.9323473e-01  1.4266627e-01]
  [-2.8232160e-01 -1.8436672e-02  9.5914263e-01]]

 [[ 8.8887107e-01  4.1200966e-01 -2.0039017e-01]
  [-3.7812337e-01  9.0668505e-01  1.8693556e-01]
  [ 2.5871003e-01 -9.0389408e-02  9.6171659e-01]]

 [[ 9.9836498e-01 -4.4415344e-02 -3.5980821e-02]
  [ 4.7384955e-02  9.9513423e-01  8.6386494e-02]
  [ 3.1968858e-02 -8.7950200e-02  9.9561179e-01]]

 [[ 8.9789110e-01  1.5972786e-01 -4.1021785e-01]
  [-1.3918960e-01  9.8705554e-01  7.9672664e-02]
  [ 4.1763371e-01 -1.4439309e-02  9.0850085e-01]]

 [[ 8.4533548e-01 -1.7910168e-01  5.0331968e-01]
  [ 1.5159652e-01  9.8382068e-01  9.5474176e-02]
  [-5.1227593e-01 -4.4061793e-03  8.5880971e-01]]

 [[ 9.9879235e-01 -4.8719030e-02  6.3505131e-03]
  [ 4.7426518e-02  9.8980278e-01  1.3431774e-01]
  [-1.2829584e-02 -1.3385434e-01  9.9091804e-01]]

 [[ 7.1610850e-01  6.2697029e-01 -3.0675209e-01]
  [-5.4689914e-01  7.7707571e-01  3.1153584e-01]
  [ 4.3369335e-01 -5.5330981e-02  8.9936006e-01]]

 [[ 5.4645109e-01 -6.6160071e-01  5.1349354e-01]
  [ 6.2903142e-01  7.2902477e-01  2.6989311e-01]
  [-5.5291098e-01  1.7552020e-01  8.1454402e-01]]

 [[ 8.3824146e-01 -1.9412538e-01 -5.0957489e-01]
  [ 3.2135293e-01  9.3083388e-01  1.7401353e-01]
  [ 4.4054908e-01 -3.0961877e-01  8.4264630e-01]]

 [[ 7.5489765e-01  1.3124827e-01  6.4257574e-01]
  [-1.5361993e-01  9.8790032e-01 -2.1309376e-02]
  [-6.3759750e-01 -8.2626022e-02  7.6592600e-01]]

 [[ 9.8185349e-01 -1.8151090e-01  5.4931618e-02]
  [ 1.7993182e-01  9.8314255e-01  3.2484304e-02]
  [-5.9901867e-02 -2.2010883e-02  9.9796152e-01]]

 [[ 9.7868860e-01  2.0030136e-01 -4.5254733e-02]
  [-1.9553623e-01  9.7631854e-01  9.2561960e-02]
  [ 6.2723324e-02 -8.1740402e-02  9.9467802e-01]]

 [[ 9.9053013e-01  1.2051926e-01 -6.5766640e-02]
  [-1.0568116e-01  9.7506499e-01  1.9514054e-01]
  [ 8.7644935e-02 -1.8634228e-01  9.7856790e-01]]

 [[ 9.9169081e-01 -1.1328225e-01  6.0961999e-02]
  [ 9.7315677e-02  9.7053730e-01  2.2042498e-01]
  [-8.4136114e-02 -2.1266089e-01  9.7349709e-01]]]
[ 0.10233366  0.48079842 -0.0657213  -0.47984567 -0.08695316 -0.04505643
  0.07732001 -0.01552418  0.05745424 -0.1206736 ]