[[[-0.6538169  -0.09943099 -0.7500913 ]
  [ 0.10087854 -0.9939331   0.04382355]
  [-0.749898   -0.04701554  0.6598807 ]]]
[[[ 0.925764   -0.37119094 -0.07196052]
  [ 0.30507082  0.62086475  0.72212106]
  [-0.22336705 -0.6904667   0.6880138 ]]

 [[ 0.97631395  0.16577268  0.13903475]
  [-0.17316967  0.21348034  0.9614773 ]
  [ 0.12970546 -0.9627801   0.23713063]]

 [[ 0.9982276   0.00219883 -0.05947087]
  [-0.05549371  0.39534885 -0.9168532 ]
  [ 0.02149574  0.91852844  0.39477015]]

 [[ 0.9901173   0.02362827 -0.13823691]
  [-0.0872441   0.8755237  -0.47523323]
  [ 0.10980076  0.482597    0.8689326 ]]

 [[ 0.97360384 -0.19674805 -0.11569723]
  [ 0.05831671  0.7045047  -0.70729935]
  [ 0.220669    0.6818822   0.6973822 ]]

 [[ 0.99807644  0.04081209  0.04666591]
  [-0.04446562  0.99579144  0.08013912]
  [-0.04319886 -0.08206     0.9956907 ]]

 [[ 0.92721456  0.31169617  0.2076504 ]
  [-0.2842103   0.9466513  -0.15190747]
  [-0.24392149  0.08183444  0.96633613]]

 [[ 0.96348804 -0.20989326 -0.16623971]
  [ 0.1900123   0.97343093 -0.1277794 ]
  [ 0.1886429   0.09152634  0.97777134]]

 [[ 0.9994832   0.02980908 -0.01202567]
  [-0.03043276  0.99799323 -0.05552921]
  [ 0.01034626  0.05586649  0.99838465]]

 [[ 0.9410865  -0.33816254  0.00154704]
  [ 0.33700997  0.9382373   0.07832663]
  [-0.02793862 -0.07319076  0.9969266 ]]

 [[ 0.9595885   0.276121   -0.05428669]
  [-0.27260813  0.9599863   0.06411793]
  [ 0.06981879 -0.04672784  0.99646467]]

 [[ 0.99516785 -0.09127954 -0.03617838]
  [ 0.08909994  0.99434036 -0.05786658]
  [ 0.04125566  0.05436348  0.99766856]]

 [[ 0.84001887 -0.16147548 -0.517971  ]
  [ 0.22345482  0.97292197  0.0590829 ]
  [ 0.49440488 -0.16537386  0.8533553 ]]

 [[ 0.76069605  0.20516331  0.61583245]
  [-0.292296    0.95537084  0.04277353]
  [-0.57957286 -0.212543    0.78671527]]

 [[ 0.9994464  -0.01675218 -0.02874509]
  [ 0.02647955  0.92361444  0.38240713]
  [ 0.02014322 -0.3829566   0.92354673]]

 [[ 0.8814159   0.29195297 -0.37130782]
  [-0.1396836   0.912053    0.38554868]
  [ 0.4512145  -0.2879631   0.84467906]]

 [[ 0.75570256 -0.4611939   0.4649881 ]
  [ 0.31009027  0.8773407   0.3662204 ]
  [-0.57685155 -0.13256538  0.8060203 ]]

 [[ 0.6944589  -0.14707567 -0.7043406 ]
  [ 0.36723644  0.91424024  0.17117873]
  [ 0.6187603  -0.3775361   0.6889138 ]]

 [[ 0.7876351   0.0534532   0.6138191 ]
  [-0.04619495  0.99854887 -0.02768062]
  [-0.61440796 -0.0065531   0.7889614 ]]

 [[ 0.9435402  -0.33009925 -0.02768302]
  [ 0.3254501   0.9393348  -0.10831568]
  [ 0.06175855  0.09319076  0.993731  ]]

 [[ 0.9562693   0.2853092   0.06440312]
  [-0.27805018  0.95508033 -0.10251678]
  [-0.09075914  0.08012634  0.9926443 ]]

 [[ 0.98996574  0.11123071 -0.08715258]
  [-0.09024546  0.97226316  0.21577786]
  [ 0.10873637 -0.20574756  0.97254527]]

 [[ 0.99272096 -0.08418717  0.0861256 ]
  [ 0.06587508  0.9782102   0.19688891]
  [-0.10082446 -0.1897822   0.97663563]]]
[ 0.27350914  0.2648205  -0.25239688 -0.2528886  -0.03679407 -0.00819152
  0.16133834 -0.01481977 -0.09739074  0.04221138]