[[[ 0.73648685 -0.04370373 -0.6750386 ]
  [ 0.19488916 -0.94188946  0.27361012]
  [-0.6477695  -0.33306795 -0.68517184]]]
[[[ 9.64809000e-01 -2.07475021e-01 -1.61548078e-01]
  [ 2.54241586e-01  8.92856061e-01  3.71711344e-01]
  [ 6.71183690e-02 -3.99702668e-01  9.14184332e-01]]

 [[ 9.74062979e-01  8.96422789e-02  2.07763150e-01]
  [-2.14699477e-01  6.56078756e-01  7.23508656e-01]
  [-7.14520440e-02 -7.49349654e-01  6.58308148e-01]]

 [[ 9.95828867e-01 -8.92930627e-02 -1.87497791e-02]
  [ 6.31241351e-02  8.22634161e-01 -5.65056145e-01]
  [ 6.58797994e-02  5.61515689e-01  8.24839413e-01]]

 [[ 8.77048910e-01 -3.25659037e-01 -3.53173554e-01]
  [-1.88617167e-04  7.34930158e-01 -6.78142786e-01]
  [ 4.80401218e-01  5.94830871e-01  6.44508243e-01]]

 [[ 9.80425537e-01  6.72522634e-02  1.85048461e-01]
  [ 9.70478058e-02  6.52687252e-01 -7.51386106e-01]
  [-1.71311185e-01  7.54636645e-01  6.33384585e-01]]

 [[ 9.96936142e-01 -6.61255941e-02  4.17831689e-02]
  [ 6.48657531e-02  9.97417927e-01  3.08219623e-02]
  [-4.37133983e-02 -2.80172285e-02  9.98651266e-01]]

 [[ 9.59521830e-01  2.69597769e-01  8.14553797e-02]
  [-2.62009799e-01  9.60583568e-01 -9.28984731e-02]
  [-1.03289917e-01  6.77959993e-02  9.92338181e-01]]

 [[ 9.77242827e-01 -2.00140163e-01 -7.02880695e-02]
  [ 1.97266653e-01  9.79281425e-01 -4.57563475e-02]
  [ 7.79894888e-02  3.08495685e-02  9.96476710e-01]]

 [[ 9.99242783e-01 -3.88889462e-02  1.24170806e-03]
  [ 3.89000736e-02  9.99185264e-01 -1.07485875e-02]
  [-8.22695089e-04  1.07887508e-02  9.99941468e-01]]

 [[ 9.32545900e-01 -3.60914171e-01 -9.95096657e-03]
  [ 3.48464489e-01  8.92480195e-01  2.86446452e-01]
  [-9.45015475e-02 -2.70592064e-01  9.58044529e-01]]

 [[ 9.44024086e-01  3.29359055e-01  1.84708275e-02]
  [-3.25254321e-01  9.19995427e-01  2.18673229e-01]
  [ 5.50289266e-02 -2.12440491e-01  9.75623310e-01]]

 [[ 9.95197058e-01  3.57252285e-02  9.11405310e-02]
  [-4.92548719e-02  9.87333834e-01  1.50817320e-01]
  [-8.45981464e-02 -1.54582053e-01  9.84351397e-01]]

 [[ 9.85683382e-01  1.68313488e-01 -9.94295627e-03]
  [-1.67681515e-01  9.84737337e-01  4.66384478e-02]
  [ 1.76410824e-02 -4.43034917e-02  9.98862267e-01]]

 [[ 9.32911038e-01 -3.46566916e-01  9.78184938e-02]
  [ 3.47309917e-01  9.37698424e-01  9.87488776e-03]
  [-9.51465517e-02  2.47609466e-02  9.95155334e-01]]

 [[ 9.98191774e-01  3.36771794e-02 -4.97891605e-02]
  [-2.77429242e-02  9.92930055e-01  1.15413345e-01]
  [ 5.33239506e-02 -1.13823362e-01  9.92068887e-01]]

 [[ 6.66115940e-01  7.36810267e-01 -1.15759648e-01]
  [-7.29324639e-01  6.75954282e-01  1.05695084e-01]
  [ 1.56125426e-01  1.40211852e-02  9.87637818e-01]]

 [[ 5.09885967e-01 -8.12624812e-01  2.82236069e-01]
  [ 8.55183363e-01  5.14357984e-01 -6.40099794e-02]
  [-9.31542814e-02  2.74001390e-01  9.57207143e-01]]

 [[ 2.74466008e-01 -2.87604392e-01 -9.17579532e-01]
  [ 4.36714113e-01  8.87422085e-01 -1.47522196e-01]
  [ 8.56708407e-01 -3.60230088e-01  3.69168073e-01]]

 [[ 1.11438841e-01  4.00157541e-01  9.09645677e-01]
  [-1.43439576e-01  9.12238777e-01 -3.83725762e-01]
  [-9.83364880e-01 -8.77172425e-02  1.59057260e-01]]

 [[ 9.69270051e-01 -2.45897129e-01 -7.08119711e-03]
  [ 2.45410457e-01  9.64560032e-01  9.69417095e-02]
  [-1.70074478e-02 -9.57004949e-02  9.95264888e-01]]

 [[ 9.76050735e-01  2.03748032e-01  7.62346014e-02]
  [-2.12147608e-01  9.69046652e-01  1.26261279e-01]
  [-4.81494069e-02 -1.39410391e-01  9.89063382e-01]]

 [[ 9.72156346e-01  2.25932881e-01 -6.21793531e-02]
  [-2.13389412e-01  9.63185787e-01  1.63518026e-01]
  [ 9.68343616e-02 -1.45696685e-01  9.84578848e-01]]

 [[ 9.75832283e-01 -2.09342197e-01  6.26682714e-02]
  [ 1.99085891e-01  9.69931304e-01  1.39993191e-01]
  [-9.00903940e-02 -1.24133490e-01  9.88167346e-01]]]
[ 0.10929105  0.4773779  -0.19304718 -0.36661062 -0.07683986  0.03346178
  0.01692706  0.06953359 -0.01595297 -0.03413439]