[[[-0.99840397 -0.0539319   0.01675952]
  [ 0.05628666 -0.97450936  0.21717125]
  [ 0.00461985  0.21776798  0.97598964]]]
[[[ 0.7127171  -0.65048546 -0.26249376]
  [ 0.54482603  0.27765277  0.791248  ]
  [-0.4418133  -0.7069494   0.5522893 ]]

 [[ 0.7531949   0.6572592   0.02660383]
  [-0.5592674   0.61856025  0.5519087 ]
  [ 0.346291   -0.43057343  0.8334801 ]]

 [[ 0.99967223  0.02551604  0.00213531]
  [-0.01786853  0.75491804 -0.6555757 ]
  [-0.01833969  0.65532255  0.75512654]]

 [[ 0.9915572   0.10674529 -0.07361936]
  [-0.11813073  0.5094867  -0.8523311 ]
  [-0.05347424  0.85383177  0.5177951 ]]

 [[ 0.94805175  0.09983692  0.30204394]
  [ 0.0177433   0.9314033  -0.36355639]
  [-0.31762102  0.3500295   0.88124704]]

 [[ 0.9998732  -0.01133022 -0.01119172]
  [ 0.00999977  0.9936002  -0.11251118]
  [ 0.01239487  0.11238499  0.9935875 ]]

 [[ 0.9368378   0.34379867  0.06432331]
  [-0.34629306  0.9375653   0.03243993]
  [-0.0491545  -0.05266566  0.9974017 ]]

 [[ 0.95021033 -0.31097198 -0.01991919]
  [ 0.3110996   0.95037055  0.0035865 ]
  [ 0.01781531 -0.00960478  0.9997952 ]]

 [[ 0.9996323   0.01763797 -0.02059337]
  [-0.0172302   0.9996552   0.0198131 ]
  [ 0.02093573 -0.01945099  0.9995915 ]]

 [[ 0.8669123  -0.42492238  0.2605837 ]
  [ 0.40134606  0.90506357  0.14064556]
  [-0.29560828 -0.01734315  0.9551517 ]]

 [[ 0.8952127   0.3870772  -0.22082925]
  [-0.34897348  0.91708434  0.19280498]
  [ 0.27714947 -0.09553789  0.95606524]]

 [[ 0.9933992  -0.09184876 -0.06871622]
  [ 0.08935228  0.995253   -0.03856852]
  [ 0.0719325   0.03217398  0.9968905 ]]

 [[ 0.9013924   0.19671088 -0.38574165]
  [-0.17594227  0.98038584  0.08881468]
  [ 0.39564642 -0.0121886   0.9183221 ]]

 [[ 0.8543733  -0.1888211   0.48414156]
  [ 0.1558508   0.98186886  0.10790811]
  [-0.4957388  -0.01673994  0.86831045]]

 [[ 0.99646485 -0.08358856  0.00840987]
  [ 0.08271791  0.9936973   0.07565323]
  [-0.0146806  -0.07469013  0.9970987 ]]

 [[ 0.59325355  0.7307475  -0.33772534]
  [-0.6426961   0.6825648   0.3479182 ]
  [ 0.48475978  0.01065107  0.8745826 ]]

 [[ 0.45050752 -0.7151683   0.53439426]
  [ 0.67142487  0.66592497  0.32516536]
  [-0.5884145   0.21231619  0.780186  ]]

 [[ 0.73349786 -0.26288158 -0.6267967 ]
  [ 0.44602418  0.8820142   0.15203099]
  [ 0.5128774  -0.39108092  0.76420707]]

 [[ 0.7008749   0.18028428  0.6901246 ]
  [-0.2380002   0.971191   -0.01200086]
  [-0.6724063  -0.15583868  0.7235911 ]]

 [[ 0.98004293 -0.18284546  0.07799623]
  [ 0.17384592  0.9786347   0.10978041]
  [-0.09640267 -0.09403019  0.990891  ]]

 [[ 0.9784787   0.19537657 -0.06638778]
  [-0.18477279  0.9728137   0.13961542]
  [ 0.09186053 -0.12434406  0.9879778 ]]

 [[ 0.987283    0.14110336 -0.07322691]
  [-0.1268049   0.97679955  0.17257823]
  [ 0.09587938 -0.16109802  0.9822702 ]]

 [[ 0.98949003 -0.13057645  0.06212346]
  [ 0.11449463  0.9698901   0.2149515 ]
  [-0.08832054 -0.20557956  0.9746469 ]]]
[ 0.09846373  0.5905304  -0.0175817  -0.5530393  -0.11542511 -0.07169204
  0.08433603 -0.01107407  0.02734008 -0.12302995]