[[[ 0.16506979  0.03408668 -0.9856926 ]
  [ 0.18716373 -0.9823252  -0.0026267 ]
  [-0.9683603  -0.18405235 -0.168532  ]]]
[[[ 9.91763830e-01 -1.19497232e-01  4.60964777e-02]
  [ 8.28154907e-02  8.72842610e-01  4.80923414e-01]
  [-9.77039933e-02 -4.73144948e-01  8.75549972e-01]]

 [[ 9.73345518e-01  1.84837133e-01  1.35770619e-01]
  [-2.25739494e-01  6.67594433e-01  7.09478259e-01]
  [ 4.04982157e-02 -7.21216321e-01  6.91525102e-01]]

 [[ 9.94821250e-01 -1.00240305e-01 -1.68062560e-02]
  [ 6.35690913e-02  7.42653370e-01 -6.66651964e-01]
  [ 7.93066323e-02  6.62131250e-01  7.45179534e-01]]

 [[ 9.98345912e-01 -1.22988422e-03 -5.74795790e-02]
  [-1.03791559e-03  9.99222636e-01 -3.94072607e-02]
  [ 5.74833676e-02  3.94017361e-02  9.97568548e-01]]

 [[ 9.94759738e-01 -1.01527385e-01  1.20595805e-02]
  [ 8.79452229e-02  7.89538145e-01 -6.07367575e-01]
  [ 5.21429479e-02  6.05245233e-01  7.94329584e-01]]

 [[ 9.93160725e-01 -1.10585481e-01  3.74526456e-02]
  [ 1.10485725e-01  9.93866444e-01  4.72900970e-03]
  [-3.77458893e-02 -5.58683183e-04  9.99287248e-01]]

 [[ 9.58107710e-01  2.34173939e-01  1.64900884e-01]
  [-2.11159676e-01  9.66533959e-01 -1.45683661e-01]
  [-1.93497613e-01  1.04760207e-01  9.75491703e-01]]

 [[ 9.75416899e-01 -1.91562936e-01 -1.08928896e-01]
  [ 1.74477220e-01  9.73284721e-01 -1.49246529e-01]
  [ 1.34608939e-01  1.26571983e-01  9.82781708e-01]]

 [[ 9.98922884e-01 -4.63882722e-02 -1.09549984e-03]
  [ 4.62917015e-02  9.97908831e-01 -4.51123603e-02]
  [ 3.18589294e-03  4.50130552e-02  9.98981357e-01]]

 [[ 9.46847320e-01 -3.20844412e-01  2.32170261e-02]
  [ 3.15801859e-01  9.40849721e-01  1.22763924e-01]
  [-6.12318479e-02 -1.08906709e-01  9.92164314e-01]]

 [[ 9.72180367e-01  2.32474893e-01 -2.86484566e-02]
  [-2.26700589e-01  9.64619577e-01  1.34595647e-01]
  [ 5.89249693e-02 -1.24356627e-01  9.90486383e-01]]

 [[ 9.87447500e-01 -2.10982170e-02 -1.56531975e-01]
  [ 2.03880970e-03  9.92658436e-01 -1.20934434e-01]
  [ 1.57934278e-01  1.19097270e-01  9.80241120e-01]]

 [[ 9.91189361e-01 -3.79170552e-02 -1.26909226e-01]
  [ 3.33576836e-02  9.98726070e-01 -3.78614888e-02]
  [ 1.28183156e-01  3.32945064e-02  9.91191506e-01]]

 [[ 9.36308801e-01 -4.17311415e-02  3.48689437e-01]
  [ 4.24303897e-02  9.99083519e-01  5.63525315e-03]
  [-3.48605037e-01  9.51868948e-03  9.37221348e-01]]

 [[ 9.71841395e-01 -9.80963465e-03 -2.35431582e-01]
  [ 1.51072629e-02  9.99671340e-01  2.07085907e-02]
  [ 2.35151082e-01 -2.36821938e-02  9.71670210e-01]]

 [[ 6.98215127e-01  6.91303372e-01 -1.85998172e-01]
  [-7.09323049e-01  7.03159750e-01 -4.92656305e-02]
  [ 9.67289507e-02  1.66330799e-01  9.81314182e-01]]

 [[ 6.43672764e-01 -6.64050579e-01  3.80423605e-01]
  [ 7.08187819e-01  7.05260575e-01  3.28252316e-02]
  [-2.90095389e-01  2.48282656e-01  9.24229562e-01]]

 [[-3.59596163e-01 -2.88871586e-01 -8.87267590e-01]
  [ 1.08618341e-01  9.31450546e-01 -3.47277790e-01]
  [ 9.26764607e-01 -2.21253291e-01 -3.03569287e-01]]

 [[-8.61316323e-02  3.16670209e-01  9.44617033e-01]
  [-3.72608602e-02  9.46453273e-01 -3.20683300e-01]
  [-9.95586753e-01 -6.28182217e-02 -6.97201639e-02]]

 [[ 9.57961917e-01 -2.37544760e-01 -1.60877153e-01]
  [ 2.59695470e-01  9.56298530e-01  1.34355113e-01]
  [ 1.21931240e-01 -1.70486152e-01  9.77786899e-01]]

 [[ 9.45721447e-01  2.97825724e-01  1.30041569e-01]
  [-2.97970325e-01  9.54389930e-01 -1.88013744e-02]
  [-1.29709914e-01 -2.09676698e-02  9.91330266e-01]]

 [[ 9.73188877e-01  2.09111974e-01 -9.57895368e-02]
  [-1.93120778e-01  9.69090581e-01  1.53518364e-01]
  [ 1.24931261e-01 -1.30903408e-01  9.83492017e-01]]

 [[ 9.83063817e-01 -1.74787059e-01  5.50907850e-02]
  [ 1.62773207e-01  9.70885813e-01  1.75742939e-01]
  [-8.42044577e-02 -1.63799226e-01  9.82893348e-01]]]
[ 0.03928804  0.34654975 -0.11469164 -0.3867496  -0.09275299  0.13021305
  0.10652474 -0.03116    -0.03058742  0.04422331]