[[[ 0.7313273  -0.00855302 -0.68197316]
  [ 0.16565534 -0.9677508   0.18978089]
  [-0.6616032  -0.25176442 -0.7063257 ]]]
[[[ 9.7004735e-01 -1.8367861e-01 -1.5896665e-01]
  [ 2.3455653e-01  8.7844980e-01  4.1630420e-01]
  [ 6.3178048e-02 -4.4112140e-01  8.9522094e-01]]

 [[ 9.8437828e-01  1.0827660e-01  1.3883604e-01]
  [-1.7603131e-01  5.8958125e-01  7.8829372e-01]
  [ 3.4986294e-03 -8.0041879e-01  5.9943104e-01]]

 [[ 9.9919194e-01 -3.9222732e-02  8.7774266e-03]
  [ 3.5582229e-02  7.6166368e-01 -6.4699495e-01]
  [ 1.8691460e-02  6.4678442e-01  7.6244384e-01]]

 [[ 9.0462875e-01 -2.8126091e-01 -3.2021719e-01]
  [-1.7678889e-02  7.2592026e-01 -6.8755162e-01]
  [ 4.2583358e-01  6.2764007e-01  6.5171593e-01]]

 [[ 9.8968500e-01 -1.1810539e-01  8.1085138e-02]
  [ 1.3183236e-01  5.2929157e-01 -8.3813524e-01]
  [ 5.6070603e-02  8.4017944e-01  5.3940207e-01]]

 [[ 9.9302983e-01 -9.5782667e-02  6.8683028e-02]
  [ 9.2078842e-02  9.9421996e-01  5.5210158e-02]
  [-7.3574215e-02 -4.8501082e-02  9.9610966e-01]]

 [[ 9.6619779e-01  2.2628094e-01  1.2352655e-01]
  [-2.2380731e-01  9.7404957e-01 -3.3731479e-02]
  [-1.2795377e-01  4.9451366e-03  9.9176788e-01]]

 [[ 9.7744280e-01 -1.7519888e-01 -1.1794451e-01]
  [ 1.6826902e-01  9.8350030e-01 -6.6427864e-02]
  [ 1.2763655e-01  4.5083031e-02  9.9079585e-01]]

 [[ 9.9765903e-01 -6.2197059e-02  2.8425056e-02]
  [ 6.2569618e-02  9.9796343e-01 -1.2410065e-02]
  [-2.7595298e-02  1.4159558e-02  9.9951887e-01]]

 [[ 9.4149894e-01 -3.3606365e-01 -2.5316313e-02]
  [ 3.3158374e-01  9.1027331e-01  2.4790046e-01]
  [-6.0265578e-02 -2.4179250e-01  9.6845460e-01]]

 [[ 9.5951283e-01  2.8166470e-01  3.0321715e-04]
  [-2.7508318e-01  9.3685985e-01  2.1592329e-01]
  [ 6.0533907e-02 -2.0726459e-01  9.7641027e-01]]

 [[ 9.9599373e-01 -7.9167467e-03 -8.9071617e-02]
  [ 1.8261550e-02  9.9308914e-01  1.1593322e-01]
  [ 8.7538242e-02 -1.1709535e-01  9.8925513e-01]]

 [[ 9.7225112e-01  2.2645076e-01  5.8719296e-02]
  [-2.2846738e-01  9.7308367e-01  3.0179439e-02]
  [-5.0304633e-02 -4.2757433e-02  9.9781829e-01]]

 [[ 9.0712333e-01 -4.0438387e-01  1.1662262e-01]
  [ 3.9733550e-01  9.1422713e-01  7.9456255e-02]
  [-1.3875039e-01 -2.5738327e-02  9.8999280e-01]]

 [[ 9.7604734e-01 -1.8343823e-02 -2.1678352e-01]
  [ 2.9528290e-02  9.9838829e-01  4.8466563e-02]
  [ 2.1554504e-01 -5.3706907e-02  9.7501588e-01]]

 [[ 6.7463636e-01  7.3491573e-01 -6.9027022e-02]
  [-7.3207009e-01  6.7812532e-01  6.4957082e-02]
  [ 9.4546944e-02  6.7102136e-03  9.9549782e-01]]

 [[ 6.0024041e-01 -7.4984950e-01  2.7827519e-01]
  [ 7.5920898e-01  6.4362186e-01  9.6708722e-02]
  [-2.5162101e-01  1.5322055e-01  9.5562035e-01]]

 [[ 3.0513862e-01 -3.3148053e-01 -8.9275479e-01]
  [ 4.6903813e-01  8.6818504e-01 -1.6204317e-01]
  [ 8.2879049e-01 -3.6929035e-01  4.2039379e-01]]

 [[ 2.4124478e-01  4.0534529e-01  8.8175750e-01]
  [-3.5394654e-01  8.8275778e-01 -3.0896702e-01]
  [-9.0361655e-01 -2.3755829e-01  3.5643128e-01]]

 [[ 9.7501218e-01 -2.2213671e-01 -2.5390945e-03]
  [ 2.2151770e-01  9.7130585e-01  8.6573064e-02]
  [-1.6764816e-02 -8.4972255e-02  9.9624223e-01]]

 [[ 9.6306598e-01  2.6728889e-01  3.2567244e-02]
  [-2.6753256e-01  9.6354324e-01  3.2883824e-03]
  [-3.0500999e-02 -1.1879726e-02  9.9946421e-01]]

 [[ 9.6485513e-01  2.4508710e-01 -9.4799161e-02]
  [-2.2684583e-01  9.5892239e-01  1.7031978e-01]
  [ 1.3264823e-01 -1.4282912e-01  9.8081815e-01]]

 [[ 9.7293293e-01 -2.2087100e-01  6.7952178e-02]
  [ 2.0940705e-01  9.6702665e-01  1.4494206e-01]
  [-9.7725064e-02 -1.2678924e-01  9.8710400e-01]]]
[ 2.1218753e-01  4.9965024e-01 -2.5266287e-01 -3.6009648e-01
 -1.1999941e-01  1.1837218e-02 -8.5175037e-05  8.7895945e-02
 -4.2334050e-02 -4.9914122e-03]