[[[ 0.7358091  -0.04453456 -0.6757231 ]
  [ 0.19471025 -0.94178575  0.27409396]
  [-0.648593   -0.33325103 -0.68430316]]]
[[[ 9.64838803e-01 -2.07646266e-01 -1.61149547e-01]
  [ 2.54425883e-01  8.91726553e-01  3.74287546e-01]
  [ 6.59819245e-02 -4.02127743e-01  9.13202941e-01]]

 [[ 9.73780334e-01  9.02867541e-02  2.08806768e-01]
  [-2.16006920e-01  6.54906869e-01  7.24181116e-01]
  [-7.13649988e-02 -7.50296950e-01  6.57238007e-01]]

 [[ 9.95818973e-01 -8.93092230e-02 -1.91988479e-02]
  [ 6.27447814e-02  8.21464121e-01 -5.66797912e-01]
  [ 6.63914308e-02  5.63223422e-01  8.23633254e-01]]

 [[ 8.77547979e-01 -3.25365722e-01 -3.52202386e-01]
  [-9.60502308e-04  7.33343124e-01 -6.79857910e-01]
  [ 4.79487717e-01  5.96946359e-01  6.43231273e-01]]

 [[ 9.80365932e-01  6.82047307e-02  1.85015544e-01]
  [ 9.67921987e-02  6.51007414e-01 -7.52874911e-01]
  [-1.71796113e-01  7.56000936e-01  6.31623805e-01]]

 [[ 9.96963441e-01 -6.57291487e-02  4.17566188e-02]
  [ 6.44492880e-02  9.97430205e-01  3.12921442e-02]
  [-4.37061228e-02 -2.85059400e-02  9.98637676e-01]]

 [[ 9.59680796e-01  2.69118458e-01  8.11672732e-02]
  [-2.61805832e-01  9.60875392e-01 -9.04221088e-02]
  [-1.02325894e-01  6.55262917e-02  9.92590427e-01]]

 [[ 9.77374315e-01 -1.99920610e-01 -6.90734833e-02]
  [ 1.97104424e-01  9.79326248e-01 -4.54976670e-02]
  [ 7.67413899e-02  3.08535621e-02  9.96573567e-01]]

 [[ 9.99246120e-01 -3.87997329e-02  1.28169870e-03]
  [ 3.88103500e-02  9.99199629e-01 -9.68987588e-03]
  [-9.04708228e-04  9.73231532e-03  9.99952197e-01]]

 [[ 9.32778418e-01 -3.60314488e-01 -9.89297777e-03]
  [ 3.47962379e-01  8.92961144e-01  2.85556674e-01]
  [-9.40561518e-02 -2.69803494e-01  9.58310783e-01]]

 [[ 9.44009900e-01  3.29482287e-01  1.69319212e-02]
  [-3.25022608e-01  9.19971943e-01  2.19116092e-01]
  [ 5.66179827e-02 -2.12351009e-01  9.75551784e-01]]

 [[ 9.96066153e-01  3.40214856e-02  8.18209723e-02]
  [-4.64890935e-02  9.86715257e-01  1.55665413e-01]
  [-7.54380375e-02 -1.58856854e-01  9.84415293e-01]]

 [[ 9.85698640e-01  1.68124840e-01 -1.14945387e-02]
  [-1.67428121e-01  9.84789550e-01  4.64485809e-02]
  [ 1.91288609e-02 -4.38597985e-02  9.98854518e-01]]

 [[ 9.32924747e-01 -3.45697820e-01  1.00719362e-01]
  [ 3.46604019e-01  9.37969148e-01  8.92001670e-03]
  [-9.75552797e-02  2.65880302e-02  9.94874895e-01]]

 [[ 9.97919858e-01  2.98067424e-02 -5.71621507e-02]
  [-2.28424668e-02  9.92651463e-01  1.18833043e-01]
  [ 6.02841191e-02 -1.17280133e-01  9.91267443e-01]]

 [[ 6.66489840e-01  7.36332655e-01 -1.16643101e-01]
  [-7.28657484e-01  6.76480532e-01  1.06922820e-01]
  [ 1.57637522e-01  1.37298936e-02  9.87401724e-01]]

 [[ 5.07745385e-01 -8.14146280e-01  2.81709671e-01]
  [ 8.56853724e-01  5.11181772e-01 -6.70434684e-02]
  [-8.94216672e-02  2.75425017e-01  9.57154512e-01]]

 [[ 2.71260083e-01 -2.87056208e-01 -9.18703854e-01]
  [ 4.38871324e-01  8.86381924e-01 -1.47374094e-01]
  [ 8.56627047e-01 -3.63216072e-01  3.66420776e-01]]

 [[ 1.10054605e-01  4.01855230e-01  9.09065604e-01]
  [-1.39880374e-01  9.11780655e-01 -3.86121005e-01]
  [-9.84033227e-01 -8.46660435e-02  1.56557322e-01]]

 [[ 9.68918800e-01 -2.47282341e-01 -6.91979146e-03]
  [ 2.46786207e-01  9.64282334e-01  9.62084532e-02]
  [-1.71180200e-02 -9.49258730e-02  9.95337129e-01]]

 [[ 9.75641310e-01  2.05328539e-01  7.72283524e-02]
  [-2.13821307e-01  9.68769789e-01  1.25560611e-01]
  [-4.90353256e-02 -1.39015198e-01  9.89075422e-01]]

 [[ 9.72133040e-01  2.26101503e-01 -6.19313493e-02]
  [-2.13614658e-01  9.63173568e-01  1.63295835e-01]
  [ 9.65720713e-02 -1.45515829e-01  9.84631419e-01]]

 [[ 9.76020277e-01 -2.08617836e-01  6.21522069e-02]
  [ 1.98390782e-01  9.70010519e-01  1.40430644e-01]
  [-8.95846337e-02 -1.24732755e-01  9.88137782e-01]]]
[ 0.10883226  0.4730454  -0.19642213 -0.36451784 -0.07598186  0.03240291
  0.01701263  0.06897566 -0.01636781 -0.03399321]