[[[-0.48644254  0.00790179 -0.8736769 ]
  [ 0.0462007  -0.9983275  -0.03475262]
  [-0.8724902  -0.05726964  0.48526388]]]
[[[ 9.71702039e-01 -2.35182270e-01 -2.20104437e-02]
  [ 2.04211190e-01  7.89581835e-01  5.78669429e-01]
  [-1.18713751e-01 -5.66789031e-01  8.15265119e-01]]

 [[ 9.83572364e-01  1.00389592e-01  1.50024533e-01]
  [-1.78902268e-01  4.31286633e-01  8.84299695e-01]
  [ 2.40708943e-02 -8.96612406e-01  4.42161530e-01]]

 [[ 9.98857498e-01 -4.07477394e-02 -2.49654204e-02]
  [ 2.88540008e-03  5.72898030e-01 -8.19621563e-01]
  [ 4.77003679e-02  8.18613112e-01  5.72361052e-01]]

 [[ 9.87484932e-01 -1.82669666e-02 -1.56652272e-01]
  [-3.00961044e-02  9.53191400e-01 -3.00866008e-01]
  [ 1.54815510e-01  3.01815242e-01  9.40712392e-01]]

 [[ 9.97490704e-01 -6.84171841e-02 -1.82024911e-02]
  [ 4.03541289e-02  7.60704041e-01 -6.47843361e-01]
  [ 5.81703261e-02  6.45483196e-01  7.61556149e-01]]

 [[ 9.96292114e-01  1.17409257e-02  8.52297992e-02]
  [-1.14058889e-02  9.99925196e-01 -4.41686762e-03]
  [-8.52752775e-02  3.42836906e-03  9.96351480e-01]]

 [[ 9.45368111e-01  2.68553138e-01  1.84819832e-01]
  [-2.48378590e-01  9.60533857e-01 -1.25231102e-01]
  [-2.11156905e-01  7.24842027e-02  9.74760950e-01]]

 [[ 9.75397885e-01 -1.84030518e-01 -1.21374778e-01]
  [ 1.67341918e-01  9.76502955e-01 -1.35789305e-01]
  [ 1.43512204e-01  1.12137504e-01  9.83274937e-01]]

 [[ 9.99267220e-01  2.59240475e-02  2.81618927e-02]
  [-2.35940646e-02  9.96504962e-01 -8.01321790e-02]
  [-3.01408172e-02  7.94089958e-02  9.96386409e-01]]

 [[ 9.49947298e-01 -3.12277883e-01  9.08971485e-03]
  [ 3.09700519e-01  9.45133388e-01  1.03964366e-01]
  [-4.10567597e-02 -9.59455892e-02  9.94539499e-01]]

 [[ 9.68296170e-01  2.34433502e-01 -8.62750560e-02]
  [-2.25968704e-01  9.69236970e-01  9.75597277e-02]
  [ 1.06492244e-01 -7.49712512e-02  9.91483092e-01]]

 [[ 9.86884773e-01 -5.79963103e-02 -1.50647894e-01]
  [ 3.47418673e-02  9.87670898e-01 -1.52641028e-01]
  [ 1.57643154e-01  1.45405322e-01  9.76732254e-01]]

 [[ 9.48347807e-01 -5.72849177e-02 -3.12017560e-01]
  [ 8.03425536e-02  9.94865716e-01  6.15410246e-02]
  [ 3.06890190e-01 -8.34305733e-02  9.48081136e-01]]

 [[ 8.51800382e-01  1.19138986e-01  5.10139287e-01]
  [-1.53439775e-01  9.87828791e-01  2.55050547e-02]
  [-5.00891626e-01 -1.00000866e-01  8.59713614e-01]]

 [[ 9.93631065e-01 -1.74143614e-04 -1.12682089e-01]
  [ 2.65806187e-02  9.72140849e-01  2.32885644e-01]
  [ 1.09502293e-01 -2.34397575e-01  9.65953946e-01]]

 [[ 7.51385450e-01  6.00131333e-01 -2.74339974e-01]
  [-5.62816024e-01  7.99898744e-01  2.08327278e-01]
  [ 3.44467878e-01 -2.13114009e-03  9.38795805e-01]]

 [[ 6.88180268e-01 -5.99710107e-01  4.08357382e-01]
  [ 5.35075605e-01  7.99619973e-01  2.72583902e-01]
  [-4.90002006e-01  3.09152305e-02  8.71172965e-01]]

 [[ 1.67851418e-01 -2.41910622e-01 -9.55669940e-01]
  [ 3.79554570e-01  9.10549045e-01 -1.63825095e-01]
  [ 9.09815490e-01 -3.35230649e-01  2.44655222e-01]]

 [[ 6.74915016e-01  1.41936839e-01  7.24115908e-01]
  [-1.26801372e-01  9.89036977e-01 -7.56793842e-02]
  [-7.26918995e-01 -4.07417193e-02  6.85513675e-01]]

 [[ 9.52844262e-01 -2.94122279e-01 -7.46989548e-02]
  [ 3.00082445e-01  9.49869692e-01  8.77391770e-02]
  [ 4.51482236e-02 -1.06017612e-01  9.93338823e-01]]

 [[ 9.55126166e-01  2.92821467e-01  4.46061641e-02]
  [-2.91345537e-01  9.55911398e-01 -3.67586203e-02]
  [-5.34032546e-02  2.21133102e-02  9.98328209e-01]]

 [[ 9.78502214e-01  1.78317815e-01 -1.03614911e-01]
  [-1.57606632e-01  9.70590413e-01  1.81973234e-01]
  [ 1.33016735e-01 -1.61730841e-01  9.77828920e-01]]

 [[ 9.89917457e-01 -1.27540499e-01  6.16195500e-02]
  [ 1.12465933e-01  9.72181261e-01  2.05462739e-01]
  [-8.61102045e-02 -1.96461022e-01  9.76723135e-01]]]
[ 0.24260975  0.3171428  -0.24248745 -0.28845838 -0.07644677 -0.0101844
  0.1390138  -0.0114585  -0.05362737  0.02241838]