[[[ 0.69080436 -0.03166174 -0.7223481 ]
  [ 0.1733228  -0.9626611   0.20794913]
  [-0.7019604  -0.26885158 -0.6595228 ]]]
[[[ 9.69916999e-01 -1.79048270e-01 -1.64932698e-01]
  [ 2.29296073e-01  8.99487376e-01  3.71948808e-01]
  [ 8.17580670e-02 -3.98577869e-01  9.13483143e-01]]

 [[ 9.84662771e-01  3.52510251e-02  1.70870379e-01]
  [-1.67866766e-01  4.58286256e-01  8.72808456e-01]
  [-4.75401394e-02 -8.88105392e-01  4.57174897e-01]]

 [[ 9.96734500e-01 -8.06838870e-02 -3.22603807e-03]
  [ 5.84354661e-02  7.48307109e-01 -6.60773516e-01]
  [ 5.57278469e-02  6.58427298e-01  7.50578284e-01]]

 [[ 8.79756212e-01 -3.25091183e-01 -3.46907198e-01]
  [-1.70662627e-02  7.07613468e-01 -7.06393600e-01]
  [ 4.75118518e-01  6.27374649e-01  6.16979241e-01]]

 [[ 9.91150141e-01 -1.00494199e-01  8.67314264e-02]
  [ 1.23731352e-01  4.62728024e-01 -8.77822995e-01]
  [ 4.80830707e-02  8.80785763e-01  4.71067220e-01]]

 [[ 9.94731843e-01 -6.65753484e-02  7.79500529e-02]
  [ 5.99688143e-02  9.94640291e-01  8.42287391e-02]
  [-8.31398144e-02 -7.91104436e-02  9.93392825e-01]]

 [[ 9.65206563e-01  2.33309373e-01  1.18080735e-01]
  [-2.30674520e-01  9.72375691e-01 -3.57027352e-02]
  [-1.23148635e-01  7.22229434e-03  9.92361903e-01]]

 [[ 9.77641344e-01 -1.79969326e-01 -1.08758748e-01]
  [ 1.74967051e-01  9.83093083e-01 -5.39870150e-02]
  [ 1.16635971e-01  3.37507389e-02  9.92601156e-01]]

 [[ 9.98841286e-01 -3.86222638e-02  2.87123062e-02]
  [ 3.86973135e-02  9.99248862e-01 -2.06283643e-03]
  [-2.86110677e-02  3.17153567e-03  9.99585569e-01]]

 [[ 9.45092082e-01 -3.24476033e-01 -3.89394425e-02]
  [ 3.22238445e-01  9.05402124e-01  2.76422560e-01]
  [-5.44366390e-02 -2.73792565e-01  9.60247040e-01]]

 [[ 9.51744318e-01  3.06377202e-01  1.77714769e-02]
  [-3.03425282e-01  9.30733740e-01  2.04126716e-01]
  [ 4.59992625e-02 -1.99668735e-01  9.78783131e-01]]

 [[ 9.97669935e-01  1.82894766e-02 -6.57282770e-02]
  [-5.92894061e-03  9.82995510e-01  1.83533579e-01]
  [ 6.79673404e-02 -1.82716236e-01  9.80813503e-01]]

 [[ 9.76585031e-01  2.10286945e-01  4.53978218e-02]
  [-2.12185860e-01  9.76323843e-01  4.20588590e-02]
  [-3.54785472e-02 -5.07068336e-02  9.98083174e-01]]

 [[ 9.26729679e-01 -3.50815088e-01  1.34539187e-01]
  [ 3.43037069e-01  9.36081052e-01  7.79604167e-02]
  [-1.53289288e-01 -2.60963049e-02  9.87836659e-01]]

 [[ 9.83941436e-01  9.32246540e-03 -1.78247705e-01]
  [ 1.73284300e-02  9.88928735e-01  1.47375986e-01]
  [ 1.77648187e-01 -1.48098111e-01  9.72886443e-01]]

 [[ 6.77855134e-01  7.32976496e-01 -5.70778288e-02]
  [-7.28446722e-01  6.80100799e-01  8.26335326e-02]
  [ 9.93871093e-02 -1.44354058e-02  9.94944155e-01]]

 [[ 5.94867468e-01 -7.58803964e-01  2.65234232e-01]
  [ 7.65697241e-01  6.35332048e-01  1.00304186e-01]
  [-2.44623020e-01  1.43421412e-01  9.58952487e-01]]

 [[ 3.04042220e-01 -3.32158446e-01 -8.92876863e-01]
  [ 5.15305519e-01  8.45640242e-01 -1.39114261e-01]
  [ 8.01260591e-01 -4.17807788e-01  4.28273410e-01]]

 [[ 2.84680873e-01  4.00335819e-01  8.71026933e-01]
  [-3.64714980e-01  8.85525286e-01 -2.87798345e-01]
  [-8.86532426e-01 -2.35745907e-01  3.98100585e-01]]

 [[ 9.71751690e-01 -2.36003831e-01  9.62560356e-04]
  [ 2.34624535e-01  9.66496646e-01  1.04093634e-01]
  [-2.54968144e-02 -1.00927316e-01  9.94567037e-01]]

 [[ 9.66187894e-01  2.56649166e-01  2.47421842e-02]
  [-2.56837457e-01  9.66443181e-01  4.70403815e-03]
  [-2.27046274e-02 -1.08997039e-02  9.99682844e-01]]

 [[ 9.65217054e-01  2.44926885e-01 -9.14704353e-02]
  [-2.27451682e-01  9.59157228e-01  1.68176159e-01]
  [ 1.28925383e-01 -1.41521409e-01  9.81503963e-01]]

 [[ 9.71466601e-01 -2.22706720e-01  8.15743655e-02]
  [ 2.10709348e-01  9.68291938e-01  1.34209439e-01]
  [-1.08877160e-01 -1.13191508e-01  9.87589657e-01]]]
[ 0.21920682  0.5316975  -0.19980808 -0.3300465  -0.1343742   0.0433124
  0.02177453  0.07587665 -0.03395279 -0.00983411]