[[[-0.48914883  0.00904566 -0.87215346]
  [ 0.04371546 -0.9984352  -0.0348733 ]
  [-0.8711041  -0.05518482  0.48798797]]]
[[[ 0.9718972  -0.23437278 -0.02202631]
  [ 0.20366694  0.7902508   0.57794756]
  [-0.11804887 -0.5661917   0.81577647]]

 [[ 0.98378986  0.09758367  0.15044938]
  [-0.17798975  0.42915717  0.885519  ]
  [ 0.02184577 -0.89794296  0.43956935]]

 [[ 0.9989003  -0.04018185 -0.0241598 ]
  [ 0.00318889  0.57232237 -0.8200225 ]
  [ 0.04677721  0.81904364  0.5718211 ]]

 [[ 0.9873779  -0.01789366 -0.15736814]
  [-0.03090932  0.9527227  -0.30226505]
  [ 0.15533681  0.30331397  0.94014424]]

 [[ 0.9973317  -0.07064661 -0.01840172]
  [ 0.04155315  0.7565913  -0.65256643]
  [ 0.06002419  0.6500605   0.7575081 ]]

 [[ 0.9961761   0.01232359  0.08649486]
  [-0.01190026  0.9999146  -0.00540822]
  [-0.08655411  0.00435822  0.9962377 ]]

 [[ 0.9450247   0.26862648  0.1864616 ]
  [-0.24831182  0.9605406  -0.12531161]
  [-0.21276595  0.07212196  0.9744378 ]]

 [[ 0.97570556 -0.18261068 -0.12104492]
  [ 0.1660607   0.97681934 -0.13508439]
  [ 0.14290687  0.1117018   0.9834125 ]]

 [[ 0.99923503  0.02665042  0.02862006]
  [-0.02427886  0.9964803  -0.08023477]
  [-0.03065761  0.07947853  0.9963651 ]]

 [[ 0.9499584  -0.312286    0.00751341]
  [ 0.30988318  0.9451367   0.10338755]
  [-0.03938768 -0.0958856   0.99461275]]

 [[ 0.968672    0.2323401  -0.0877075 ]
  [-0.22383924  0.96979964  0.09687382]
  [ 0.10756639 -0.07420658  0.99142456]]

 [[ 0.9868292  -0.05702572 -0.15138097]
  [ 0.03378558  0.9878224  -0.15187308]
  [ 0.15819818  0.14475828  0.9767387 ]]

 [[ 0.9478692  -0.05665426 -0.31358308]
  [ 0.08005316  0.9948455   0.06224085]
  [ 0.3084405  -0.08409949  0.94751877]]

 [[ 0.8479616   0.11579053  0.5172559 ]
  [-0.15063767  0.98825437  0.02572126]
  [-0.50820214 -0.09972887  0.8554442 ]]

 [[ 0.9935167   0.00152621 -0.11367598]
  [ 0.02522875  0.9720181   0.23354702]
  [ 0.11085156 -0.23490077  0.96567774]]

 [[ 0.7524504   0.59928215 -0.27327535]
  [-0.56248796  0.8005358   0.20676024]
  [ 0.34267437 -0.00186272  0.93945247]]

 [[ 0.6850861  -0.5993707   0.41401902]
  [ 0.53309155  0.7998412   0.27580324]
  [-0.49645784  0.03176107  0.86747956]]

 [[ 0.16829765 -0.24236247 -0.955477  ]
  [ 0.37850884  0.91088426 -0.1643807 ]
  [ 0.9101686  -0.33399162  0.24503602]]

 [[ 0.685945    0.13734677  0.7145735 ]
  [-0.12157592  0.98985314 -0.0735526 ]
  [-0.7174251  -0.03642191  0.6956828 ]]

 [[ 0.9528254  -0.29418632 -0.07468653]
  [ 0.30010942  0.949933    0.08695842]
  [ 0.04536522 -0.10527033  0.9934084 ]]

 [[ 0.95538235  0.29220253  0.04315291]
  [-0.2906719   0.95605123 -0.03841682]
  [-0.05248188  0.02415942  0.9983295 ]]

 [[ 0.9784271   0.17856935 -0.10389086]
  [-0.15771623  0.9704424   0.18266688]
  [ 0.1334388  -0.16234097  0.97767043]]

 [[ 0.9900023  -0.12678313  0.06181727]
  [ 0.11161701  0.9721208   0.20621078]
  [-0.08623789 -0.19724932  0.97655296]]]
[ 0.24806254  0.31642193 -0.24448209 -0.28964743 -0.07476449 -0.01285088
  0.13801636 -0.00863181 -0.05426094  0.02108794]